<!-- Generated by pkgdown: do not edit by hand -->
<!DOCTYPE html>
<html lang="en">
  <head>
  <meta charset="utf-8">
<meta http-equiv="X-UA-Compatible" content="IE=edge">
<meta name="viewport" content="width=device-width, initial-scale=1.0">

<title>Core computing function — EMtree • EMtree</title>


<!-- jquery -->
<script src="https://cdnjs.cloudflare.com/ajax/libs/jquery/3.4.1/jquery.min.js" integrity="sha256-CSXorXvZcTkaix6Yvo6HppcZGetbYMGWSFlBw8HfCJo=" crossorigin="anonymous"></script>
<!-- Bootstrap -->

<link rel="stylesheet" href="https://cdnjs.cloudflare.com/ajax/libs/twitter-bootstrap/3.4.1/css/bootstrap.min.css" integrity="sha256-bZLfwXAP04zRMK2BjiO8iu9pf4FbLqX6zitd+tIvLhE=" crossorigin="anonymous" />

<script src="https://cdnjs.cloudflare.com/ajax/libs/twitter-bootstrap/3.4.1/js/bootstrap.min.js" integrity="sha256-nuL8/2cJ5NDSSwnKD8VqreErSWHtnEP9E7AySL+1ev4=" crossorigin="anonymous"></script>

<!-- bootstrap-toc -->
<link rel="stylesheet" href="../bootstrap-toc.css">
<script src="../bootstrap-toc.js"></script>

<!-- Font Awesome icons -->
<link rel="stylesheet" href="https://cdnjs.cloudflare.com/ajax/libs/font-awesome/5.12.1/css/all.min.css" integrity="sha256-mmgLkCYLUQbXn0B1SRqzHar6dCnv9oZFPEC1g1cwlkk=" crossorigin="anonymous" />
<link rel="stylesheet" href="https://cdnjs.cloudflare.com/ajax/libs/font-awesome/5.12.1/css/v4-shims.min.css" integrity="sha256-wZjR52fzng1pJHwx4aV2AO3yyTOXrcDW7jBpJtTwVxw=" crossorigin="anonymous" />

<!-- clipboard.js -->
<script src="https://cdnjs.cloudflare.com/ajax/libs/clipboard.js/2.0.6/clipboard.min.js" integrity="sha256-inc5kl9MA1hkeYUt+EC3BhlIgyp/2jDIyBLS6k3UxPI=" crossorigin="anonymous"></script>

<!-- headroom.js -->
<script src="https://cdnjs.cloudflare.com/ajax/libs/headroom/0.11.0/headroom.min.js" integrity="sha256-AsUX4SJE1+yuDu5+mAVzJbuYNPHj/WroHuZ8Ir/CkE0=" crossorigin="anonymous"></script>
<script src="https://cdnjs.cloudflare.com/ajax/libs/headroom/0.11.0/jQuery.headroom.min.js" integrity="sha256-ZX/yNShbjqsohH1k95liqY9Gd8uOiE1S4vZc+9KQ1K4=" crossorigin="anonymous"></script>

<!-- pkgdown -->
<link href="../pkgdown.css" rel="stylesheet">
<script src="../pkgdown.js"></script>




<meta property="og:title" content="Core computing function — EMtree" />
<meta property="og:description" content="Core computing function" />




<!-- mathjax -->
<script src="https://cdnjs.cloudflare.com/ajax/libs/mathjax/2.7.5/MathJax.js" integrity="sha256-nvJJv9wWKEm88qvoQl9ekL2J+k/RWIsaSScxxlsrv8k=" crossorigin="anonymous"></script>
<script src="https://cdnjs.cloudflare.com/ajax/libs/mathjax/2.7.5/config/TeX-AMS-MML_HTMLorMML.js" integrity="sha256-84DKXVJXs0/F8OTMzX4UR909+jtl4G7SPypPavF+GfA=" crossorigin="anonymous"></script>

<!--[if lt IE 9]>
<script src="https://oss.maxcdn.com/html5shiv/3.7.3/html5shiv.min.js"></script>
<script src="https://oss.maxcdn.com/respond/1.4.2/respond.min.js"></script>
<![endif]-->



  </head>

  <body data-spy="scroll" data-target="#toc">
    <div class="container template-reference-topic">
      <header>
      <div class="navbar navbar-inverse navbar-fixed-top" role="navigation">
  <div class="container">
    <div class="navbar-header">
      <button type="button" class="navbar-toggle collapsed" data-toggle="collapse" data-target="#navbar" aria-expanded="false">
        <span class="sr-only">Toggle navigation</span>
        <span class="icon-bar"></span>
        <span class="icon-bar"></span>
        <span class="icon-bar"></span>
      </button>
      <span class="navbar-brand">
        <a class="navbar-link" href="../index.html">EMtree</a>
        <span class="version label label-default" data-toggle="tooltip" data-placement="bottom" title="Released version">1.1.0</span>
      </span>
    </div>

    <div id="navbar" class="navbar-collapse collapse">
      <ul class="nav navbar-nav">
        <li>
  <a>
    <span class="fa fa-home"></span>
     
  </a>
</li>
<li>
  <a href="../index.html">Home</a>
</li>
<li>
  <a href="../reference/index.html">Reference</a>
</li>
<li class="dropdown">
  <a href="#" class="dropdown-toggle" data-toggle="dropdown" role="button" aria-expanded="false">
    Vignettes
     
    <span class="caret"></span>
  </a>
  <ul class="dropdown-menu" role="menu">
    <li>
      <a href="../articles/Fatala_Net.html">Fatala fishes</a>
    </li>
  </ul>
</li>
      </ul>
      <ul class="nav navbar-nav navbar-right">
        <li>
  <a href="https://github.com/Rmomal/EMtree">
    <span class="fa fa-github"></span>
     
  </a>
</li>
      </ul>
      
    </div><!--/.nav-collapse -->
  </div><!--/.container -->
</div><!--/.navbar -->

      

      </header>

<div class="row">
  <div class="col-md-9 contents">
    <div class="page-header">
    <h1>Core computing function</h1>
    
    <div class="hidden name"><code>EMtree.Rd</code></div>
    </div>

    <div class="ref-description">
    <p>Core computing function</p>
    </div>

    <pre class="usage"><span class='fu'>EMtree</span><span class='op'>(</span>
  <span class='va'>PLN.Cor</span>,
  n <span class='op'>=</span> <span class='cn'>NULL</span>,
  maxIter <span class='op'>=</span> <span class='fl'>30</span>,
  unlinked <span class='op'>=</span> <span class='cn'>NULL</span>,
  random.init <span class='op'>=</span> <span class='cn'>FALSE</span>,
  cond.tol <span class='op'>=</span> <span class='fl'>1e-10</span>,
  eps <span class='op'>=</span> <span class='fl'>0.001</span>,
  verbatim <span class='op'>=</span> <span class='cn'>TRUE</span>,
  plot <span class='op'>=</span> <span class='cn'>FALSE</span>
<span class='op'>)</span></pre>

    <h2 class="hasAnchor" id="arguments"><a class="anchor" href="#arguments"></a>Arguments</h2>
    <table class="ref-arguments">
    <colgroup><col class="name" /><col class="desc" /></colgroup>
    <tr>
      <th>PLN.Cor</th>
      <td><p>Either an object resulting from the use of the `PLN` function from package `PLNmodels`, or an estimation of Gaussian data correlation matrix.</p></td>
    </tr>
    <tr>
      <th>n</th>
      <td><p>Number of samples, required if a correlation matrix is supplied</p></td>
    </tr>
    <tr>
      <th>maxIter</th>
      <td><p>Maximum number of iterations for EMtree</p></td>
    </tr>
    <tr>
      <th>unlinked</th>
      <td><p>An optional vector of nodes which are not linked with each other</p></td>
    </tr>
    <tr>
      <th>random.init</th>
      <td><p>A boolean for trying a random initialization of the EM</p></td>
    </tr>
    <tr>
      <th>cond.tol</th>
      <td><p>Tolerance parameter for the conditioning of psi matrix</p></td>
    </tr>
    <tr>
      <th>eps</th>
      <td><p>Precision parameter controlling the convergence of weights beta</p></td>
    </tr>
    <tr>
      <th>verbatim</th>
      <td><p>Talks if set to TRUE</p></td>
    </tr>
    <tr>
      <th>plot</th>
      <td><p>Plots likelihood if set to TRUE</p></td>
    </tr>
    </table>

    <h2 class="hasAnchor" id="value"><a class="anchor" href="#value"></a>Value</h2>

    
<ul>
<li><p>edges_prob: p x p matrix of edges probabilities</p></li>
<li><p>edges_weight: p x p matrix of edges weights for any spanning tree</p></li>
<li><p>logpY: vector of log-likelihoods</p></li>
<li><p>maxIter: final number of iterations EMtree has ran</p></li>
<li><p>timeEM: EMtree computation time</p></li>
<li><p>alpha: data signal/noise ratio</p></li>
</ul>


    <h2 class="hasAnchor" id="examples"><a class="anchor" href="#examples"></a>Examples</h2>
    <pre class="examples"><div class='input'><span class='va'>n</span><span class='op'>=</span><span class='fl'>30</span>
<span class='va'>p</span><span class='op'>=</span><span class='fl'>10</span>
<span class='va'>Y</span><span class='op'>=</span><span class='fu'><a href='data_from_scratch.html'>data_from_scratch</a></span><span class='op'>(</span><span class='st'>"tree"</span>,p<span class='op'>=</span><span class='va'>p</span><span class='op'>)</span><span class='op'>$</span><span class='va'>data</span>
<span class='va'>PLN_Y</span> <span class='op'>=</span> <span class='fu'>PLNmodels</span><span class='fu'>::</span><span class='fu'><a href='https://rdrr.io/pkg/PLNmodels/man/PLN.html'>PLN</a></span><span class='op'>(</span><span class='va'>Y</span><span class='op'>~</span><span class='fl'>1</span><span class='op'>)</span>
</div><div class='output co'>#&gt; 
#&gt;  Initialization...
#&gt;  Adjusting a PLN model with full covariance model
#&gt;  Post-treatments...
#&gt;  DONE!</div><div class='input'><span class='fu'>EMtree</span><span class='op'>(</span>PLN.Cor<span class='op'>=</span><span class='va'>PLN_Y</span>,verbatim<span class='op'>=</span><span class='cn'>TRUE</span>, plot<span class='op'>=</span><span class='cn'>TRUE</span><span class='op'>)</span>
</div><div class='img'><img src='EMtree-1.png' alt='' width='700' height='433' /></div><div class='output co'>#&gt; 
#&gt; Convergence took 0.03 secs  and  4  iterations.</div><div class='output co'>#&gt; $edges_prob
#&gt;               [,1]         [,2]         [,3]         [,4]         [,5]
#&gt;  [1,] 0.000000e+00 2.703099e-05 9.999972e-01 1.815177e-09 1.254817e-07
#&gt;  [2,] 2.703099e-05 0.000000e+00 9.999734e-01 2.864417e-07 2.395402e-10
#&gt;  [3,] 9.999972e-01 9.999734e-01 0.000000e+00 4.093157e-08 1.129899e-10
#&gt;  [4,] 1.815177e-09 2.864417e-07 4.093157e-08 0.000000e+00 1.000000e+00
#&gt;  [5,] 1.254817e-07 2.395402e-10 1.129899e-10 1.000000e+00 0.000000e+00
#&gt;  [6,] 2.589464e-14 2.860662e-07 1.089955e-12 9.999427e-01 6.680481e-11
#&gt;  [7,] 1.824194e-09 9.999992e-01 7.284665e-09 2.695970e-11 2.171250e-13
#&gt;  [8,] 2.764005e-14 1.200601e-08 2.039234e-12 9.999487e-01 9.657021e-10
#&gt;  [9,] 4.264622e-06 7.227053e-08 9.999978e-01 1.427830e-09 2.324378e-12
#&gt; [10,] 2.823114e-11 6.353540e-12 5.668745e-09 1.000000e+00 1.452511e-09
#&gt;               [,6]         [,7]         [,8]         [,9]        [,10]
#&gt;  [1,] 2.589464e-14 1.824194e-09 2.764005e-14 4.264622e-06 2.823114e-11
#&gt;  [2,] 2.860662e-07 9.999992e-01 1.200601e-08 7.227053e-08 6.353540e-12
#&gt;  [3,] 1.089955e-12 7.284665e-09 2.039234e-12 9.999978e-01 5.668745e-09
#&gt;  [4,] 9.999427e-01 2.695970e-11 9.999487e-01 1.427830e-09 1.000000e+00
#&gt;  [5,] 6.680481e-11 2.171250e-13 9.657021e-10 2.324378e-12 1.452511e-09
#&gt;  [6,] 0.000000e+00 7.452400e-07 1.086028e-04 1.666670e-13 1.176126e-11
#&gt;  [7,] 7.452400e-07 0.000000e+00 2.029631e-12 3.231531e-09 4.160184e-13
#&gt;  [8,] 1.086028e-04 2.029631e-12 0.000000e+00 2.626290e-15 1.913354e-13
#&gt;  [9,] 1.666670e-13 3.231531e-09 2.626290e-15 0.000000e+00 9.999994e-01
#&gt; [10,] 1.176126e-11 4.160184e-13 1.913354e-13 9.999994e-01 0.000000e+00
#&gt; 
#&gt; $norm.cst
#&gt; [1] 0.04574459
#&gt; 
#&gt; $timeEM
#&gt; Time difference of 0.02806902 secs
#&gt; 
#&gt; $edges_weight
#&gt;               [,1]         [,2]         [,3]         [,4]         [,5]
#&gt;  [1,] 0.0000000000 0.0014344900 0.6255184655 0.0003693756 0.0002273583
#&gt;  [2,] 0.0014344900 0.0000000000 0.7326361332 0.0004523573 0.0002566469
#&gt;  [3,] 0.6255184655 0.7326361332 0.0000000000 0.0006710738 0.0003488472
#&gt;  [4,] 0.0003693756 0.0004523573 0.0006710738 0.0000000000 0.5636040090
#&gt;  [5,] 0.0002273583 0.0002566469 0.0003488472 0.5636040090 0.0000000000
#&gt;  [6,] 0.0002086555 0.0002655944 0.0003288846 0.7094018780 0.0003465707
#&gt;  [7,] 0.0002580523 0.4808940308 0.0004837664 0.0002843805 0.0001806361
#&gt;  [8,] 0.0002099167 0.0002476292 0.0003318501 0.7121271185 0.0003500244
#&gt;  [9,] 0.0007781311 0.0006565140 0.8977009775 0.0008966172 0.0003901036
#&gt; [10,] 0.0003995989 0.0004904984 0.0008707997 0.8627640017 0.0005090056
#&gt;               [,6]         [,7]         [,8]         [,9]        [,10]
#&gt;  [1,] 0.0002086555 0.0002580523 0.0002099167 0.0007781311 0.0003995989
#&gt;  [2,] 0.0002655944 0.4808940308 0.0002476292 0.0006565140 0.0004904984
#&gt;  [3,] 0.0003288846 0.0004837664 0.0003318501 0.8977009775 0.0008707997
#&gt;  [4,] 0.7094018780 0.0002843805 0.7121271185 0.0008966172 0.8627640017
#&gt;  [5,] 0.0003465707 0.0001806361 0.0003500244 0.0003901036 0.0005090056
#&gt;  [6,] 0.0000000000 0.0002045982 0.0020975425 0.0003662526 0.0004698800
#&gt;  [7,] 0.0002045982 0.0000000000 0.0001754051 0.0003445916 0.0002952816
#&gt;  [8,] 0.0020975425 0.0001754051 0.0000000000 0.0003698229 0.0004756862
#&gt;  [9,] 0.0003662526 0.0003445916 0.0003698229 0.0000000000 0.8826063534
#&gt; [10,] 0.0004698800 0.0002952816 0.0004756862 0.8826063534 0.0000000000
#&gt; 
#&gt; $logpY
#&gt; [1] 130.2054 130.7740 130.7780 130.7780
#&gt; 
#&gt; $maxIter
#&gt; [1] 4
#&gt; </div></pre>
  </div>
  <div class="col-md-3 hidden-xs hidden-sm" id="pkgdown-sidebar">
    <nav id="toc" data-toggle="toc" class="sticky-top">
      <h2 data-toc-skip>Contents</h2>
    </nav>
  </div>
</div>


      <footer>
      <div class="copyright">
  <p>Developed by Raphaëlle Momal.</p>
</div>

<div class="pkgdown">
  <p>Site built with <a href="https://pkgdown.r-lib.org/">pkgdown</a> 1.6.1.</p>
</div>

      </footer>
   </div>

  


  </body>
</html>


