<!-- Generated by pkgdown: do not edit by hand -->
<!DOCTYPE html>
<html lang="en">
  <head>
  <meta charset="utf-8">
<meta http-equiv="X-UA-Compatible" content="IE=edge">
<meta name="viewport" content="width=device-width, initial-scale=1.0">

<title>Computes edges probability — EMtree • EMtree</title>


<!-- jquery -->
<script src="https://cdnjs.cloudflare.com/ajax/libs/jquery/3.4.1/jquery.min.js" integrity="sha256-CSXorXvZcTkaix6Yvo6HppcZGetbYMGWSFlBw8HfCJo=" crossorigin="anonymous"></script>
<!-- Bootstrap -->

<link rel="stylesheet" href="https://cdnjs.cloudflare.com/ajax/libs/twitter-bootstrap/3.4.1/css/bootstrap.min.css" integrity="sha256-bZLfwXAP04zRMK2BjiO8iu9pf4FbLqX6zitd+tIvLhE=" crossorigin="anonymous" />

<script src="https://cdnjs.cloudflare.com/ajax/libs/twitter-bootstrap/3.4.1/js/bootstrap.min.js" integrity="sha256-nuL8/2cJ5NDSSwnKD8VqreErSWHtnEP9E7AySL+1ev4=" crossorigin="anonymous"></script>

<!-- bootstrap-toc -->
<link rel="stylesheet" href="../bootstrap-toc.css">
<script src="../bootstrap-toc.js"></script>

<!-- Font Awesome icons -->
<link rel="stylesheet" href="https://cdnjs.cloudflare.com/ajax/libs/font-awesome/5.12.1/css/all.min.css" integrity="sha256-mmgLkCYLUQbXn0B1SRqzHar6dCnv9oZFPEC1g1cwlkk=" crossorigin="anonymous" />
<link rel="stylesheet" href="https://cdnjs.cloudflare.com/ajax/libs/font-awesome/5.12.1/css/v4-shims.min.css" integrity="sha256-wZjR52fzng1pJHwx4aV2AO3yyTOXrcDW7jBpJtTwVxw=" crossorigin="anonymous" />

<!-- clipboard.js -->
<script src="https://cdnjs.cloudflare.com/ajax/libs/clipboard.js/2.0.6/clipboard.min.js" integrity="sha256-inc5kl9MA1hkeYUt+EC3BhlIgyp/2jDIyBLS6k3UxPI=" crossorigin="anonymous"></script>

<!-- headroom.js -->
<script src="https://cdnjs.cloudflare.com/ajax/libs/headroom/0.11.0/headroom.min.js" integrity="sha256-AsUX4SJE1+yuDu5+mAVzJbuYNPHj/WroHuZ8Ir/CkE0=" crossorigin="anonymous"></script>
<script src="https://cdnjs.cloudflare.com/ajax/libs/headroom/0.11.0/jQuery.headroom.min.js" integrity="sha256-ZX/yNShbjqsohH1k95liqY9Gd8uOiE1S4vZc+9KQ1K4=" crossorigin="anonymous"></script>

<!-- pkgdown -->
<link href="../pkgdown.css" rel="stylesheet">
<script src="../pkgdown.js"></script>




<meta property="og:title" content="Computes edges probability — EMtree" />
<meta property="og:description" content="Computes edges probability" />




<!-- mathjax -->
<script src="https://cdnjs.cloudflare.com/ajax/libs/mathjax/2.7.5/MathJax.js" integrity="sha256-nvJJv9wWKEm88qvoQl9ekL2J+k/RWIsaSScxxlsrv8k=" crossorigin="anonymous"></script>
<script src="https://cdnjs.cloudflare.com/ajax/libs/mathjax/2.7.5/config/TeX-AMS-MML_HTMLorMML.js" integrity="sha256-84DKXVJXs0/F8OTMzX4UR909+jtl4G7SPypPavF+GfA=" crossorigin="anonymous"></script>

<!--[if lt IE 9]>
<script src="https://oss.maxcdn.com/html5shiv/3.7.3/html5shiv.min.js"></script>
<script src="https://oss.maxcdn.com/respond/1.4.2/respond.min.js"></script>
<![endif]-->



  </head>

  <body data-spy="scroll" data-target="#toc">
    <div class="container template-reference-topic">
      <header>
      <div class="navbar navbar-inverse navbar-fixed-top" role="navigation">
  <div class="container">
    <div class="navbar-header">
      <button type="button" class="navbar-toggle collapsed" data-toggle="collapse" data-target="#navbar" aria-expanded="false">
        <span class="sr-only">Toggle navigation</span>
        <span class="icon-bar"></span>
        <span class="icon-bar"></span>
        <span class="icon-bar"></span>
      </button>
      <span class="navbar-brand">
        <a class="navbar-link" href="../index.html">EMtree</a>
        <span class="version label label-default" data-toggle="tooltip" data-placement="bottom" title="Released version">0.1.0</span>
      </span>
    </div>

    <div id="navbar" class="navbar-collapse collapse">
      <ul class="nav navbar-nav">
        <li>
  <a>
    <span class="fa fa-home"></span>
     
  </a>
</li>
<li>
  <a href="../index.html">Home</a>
</li>
<li>
  <a href="../reference/index.html">Reference</a>
</li>
<li class="dropdown">
  <a href="#" class="dropdown-toggle" data-toggle="dropdown" role="button" aria-expanded="false">
    Vignettes
     
    <span class="caret"></span>
  </a>
  <ul class="dropdown-menu" role="menu">
    <li>
      <a href="../articles/Fatala_Net.html">Fatala fishes</a>
    </li>
  </ul>
</li>
      </ul>
      <ul class="nav navbar-nav navbar-right">
        <li>
  <a href="https://github.com/Rmomal/EMtree">
    <span class="fa fa-github"></span>
     
  </a>
</li>
      </ul>
      
    </div><!--/.nav-collapse -->
  </div><!--/.container -->
</div><!--/.navbar -->

      

      </header>

<div class="row">
  <div class="col-md-9 contents">
    <div class="page-header">
    <h1>Computes edges probability</h1>
    
    <div class="hidden name"><code>EMtree.Rd</code></div>
    </div>

    <div class="ref-description">
    <p>Computes edges probability</p>
    </div>

    <pre class="usage"><span class='fu'>EMtree</span>(<span class='no'>PLN.Cor</span>, <span class='kw'>maxIter</span> <span class='kw'>=</span> <span class='fl'>30</span>, <span class='kw'>cond.tol</span> <span class='kw'>=</span> <span class='fl'>1e-10</span>, <span class='kw'>verbatim</span> <span class='kw'>=</span> <span class='fl'>TRUE</span>,
  <span class='kw'>plot</span> <span class='kw'>=</span> <span class='fl'>FALSE</span>)</pre>

    <h2 class="hasAnchor" id="arguments"><a class="anchor" href="#arguments"></a>Arguments</h2>
    <table class="ref-arguments">
    <colgroup><col class="name" /><col class="desc" /></colgroup>
    <tr>
      <th>PLN.Cor</th>
      <td><p>Either an object resulting from the use of the `PLN` function from package `PLNmodels`, or an estimation of Gaussian data correlation matrix.</p></td>
    </tr>
    <tr>
      <th>maxIter</th>
      <td><p>Maximum number of iterations for EMtree</p></td>
    </tr>
    <tr>
      <th>cond.tol</th>
      <td><p>Tolerence parameter for the conditionement of psi matrix</p></td>
    </tr>
    <tr>
      <th>verbatim</th>
      <td><p>Talks if set to TRUE</p></td>
    </tr>
    <tr>
      <th>plot</th>
      <td><p>Plots likelihood if set to TRUE</p></td>
    </tr>
    </table>

    <h2 class="hasAnchor" id="value"><a class="anchor" href="#value"></a>Value</h2>

    
<ul>
<li><p>edges_prob: p x p matrix of edges probabilities</p></li>
<li><p>edges_weight: p x p matrix of edges weights for any spanning tree</p></li>
<li><p>logpY: vector of log-likelihoods</p></li>
<li><p>maxIter: final number of iterations EMtree has ran</p></li>
<li><p>timeEM: EMtree computation time</p></li>
<li><p>alpha: data signal/noise ratio</p></li>
</ul>


    <h2 class="hasAnchor" id="examples"><a class="anchor" href="#examples"></a>Examples</h2>
    <pre class="examples"><div class='input'><span class='no'>n</span><span class='kw'>=</span><span class='fl'>30</span>
<span class='no'>p</span><span class='kw'>=</span><span class='fl'>10</span>
<span class='no'>Y</span><span class='kw'>=</span><span class='fu'><a href='data_from_scratch.html'>data_from_scratch</a></span>(<span class='st'>"tree"</span>,<span class='kw'>p</span><span class='kw'>=</span><span class='no'>p</span>)$<span class='no'>data</span>
<span class='no'>PLN_Y</span> <span class='kw'>=</span> <span class='kw pkg'>PLNmodels</span><span class='kw ns'>::</span><span class='fu'><a href='https://rdrr.io/pkg/PLNmodels/man/PLN.html'>PLN</a></span>(<span class='no'>Y</span>~<span class='fl'>1</span>)</div><div class='output co'>#&gt; 
#&gt;  Initialization...
#&gt;  Adjusting a PLN model with full covariance model
#&gt;  Post-treatments...
#&gt;  DONE!</div><div class='input'><span class='no'>CorY</span><span class='kw'>=</span><span class='fu'><a href='https://rdrr.io/r/stats/cor.html'>cov2cor</a></span>(<span class='no'>PLN_Y</span>$<span class='no'>model_par</span>$<span class='no'>Sigma</span>)
<span class='fu'>EMtree</span>(<span class='kw'>PLN.Cor</span><span class='kw'>=</span><span class='no'>PLN_Y</span>,<span class='kw'>verbatim</span><span class='kw'>=</span><span class='fl'>TRUE</span>, <span class='kw'>plot</span><span class='kw'>=</span><span class='fl'>TRUE</span>)</div><div class='output co'>#&gt; 
#&gt; Likelihoods: -1.127522 , -1.048169 , -1.048115 , </div><div class='img'><img src='EMtree-1.png' alt='' width='700' height='433' /></div><div class='output co'>#&gt; 
#&gt; Convergence took 0.04 secs  and  3  iterations.
#&gt; Likelihood difference = 5.439263e-05 
#&gt; Betas difference = 1.018038e-07</div><div class='output co'>#&gt; $edges_prob
#&gt;             [,1]       [,2]       [,3]       [,4]       [,5]       [,6]
#&gt;  [1,] 0.00000000 0.46287739 0.14020632 0.01057340 0.01512232 0.06254196
#&gt;  [2,] 0.46287739 0.00000000 0.10648164 0.02814153 0.02140909 0.53393901
#&gt;  [3,] 0.14020632 0.10648164 0.00000000 0.08108183 0.10335447 0.01786335
#&gt;  [4,] 0.01057340 0.02814153 0.08108183 0.00000000 0.22401371 0.11020128
#&gt;  [5,] 0.01512232 0.02140909 0.10335447 0.22401371 0.00000000 0.02260927
#&gt;  [6,] 0.06254196 0.53393901 0.01786335 0.11020128 0.02260927 0.00000000
#&gt;  [7,] 0.03923798 0.15190269 0.84521188 0.77986228 0.53679445 0.08774328
#&gt;  [8,] 0.06872696 0.31663039 0.01970450 0.10746675 0.16546070 0.81565356
#&gt;  [9,] 0.32802542 0.89807266 0.16275741 0.01832789 0.01712473 0.07487981
#&gt; [10,] 0.01408167 0.06344820 0.01161133 0.30760911 0.02202640 0.50140743
#&gt;             [,7]       [,8]       [,9]      [,10]
#&gt;  [1,] 0.03923798 0.06872696 0.32802542 0.01408167
#&gt;  [2,] 0.15190269 0.31663039 0.89807266 0.06344820
#&gt;  [3,] 0.84521188 0.01970450 0.16275741 0.01161133
#&gt;  [4,] 0.77986228 0.10746675 0.01832789 0.30760911
#&gt;  [5,] 0.53679445 0.16546070 0.01712473 0.02202640
#&gt;  [6,] 0.08774328 0.81565356 0.07487981 0.50140743
#&gt;  [7,] 0.00000000 0.17779456 0.07302574 0.05220426
#&gt;  [8,] 0.17779456 0.00000000 0.06013295 0.30688455
#&gt;  [9,] 0.07302574 0.06013295 0.00000000 0.03577389
#&gt; [10,] 0.05220426 0.30688455 0.03577389 0.00000000
#&gt; 
#&gt; $edges_weight
#&gt;             [,1]       [,2]       [,3]       [,4]       [,5]       [,6]
#&gt;  [1,] 0.00000000 0.01125405 0.01107693 0.01100587 0.01100781 0.01103513
#&gt;  [2,] 0.01125405 0.00000000 0.01105996 0.01101704 0.01101277 0.01129476
#&gt;  [3,] 0.01107693 0.01105996 0.00000000 0.01104578 0.01105700 0.01101084
#&gt;  [4,] 0.01100587 0.01101704 0.01104578 0.00000000 0.01112341 0.01106182
#&gt;  [5,] 0.01100781 0.01101277 0.01105700 0.01112341 0.00000000 0.01101307
#&gt;  [6,] 0.01103513 0.01129476 0.01101084 0.01106182 0.01101307 0.00000000
#&gt;  [7,] 0.01102274 0.01108589 0.01146814 0.01143112 0.01129445 0.01105048
#&gt;  [8,] 0.01103834 0.01117629 0.01101167 0.01106012 0.01109134 0.01145194
#&gt;  [9,] 0.01118006 0.01149887 0.01108996 0.01101071 0.01100948 0.01104282
#&gt; [10,] 0.01100744 0.01103621 0.01100645 0.01116874 0.01101181 0.01127533
#&gt;             [,7]       [,8]       [,9]      [,10]
#&gt;  [1,] 0.01102274 0.01103834 0.01118006 0.01100744
#&gt;  [2,] 0.01108589 0.01117629 0.01149887 0.01103621
#&gt;  [3,] 0.01146814 0.01101167 0.01108996 0.01100645
#&gt;  [4,] 0.01143112 0.01106012 0.01101071 0.01116874
#&gt;  [5,] 0.01129445 0.01109134 0.01100948 0.01101181
#&gt;  [6,] 0.01105048 0.01145194 0.01104282 0.01127533
#&gt;  [7,] 0.00000000 0.01109953 0.01104188 0.01103009
#&gt;  [8,] 0.01109953 0.00000000 0.01103441 0.01116940
#&gt;  [9,] 0.01104188 0.01103441 0.00000000 0.01102003
#&gt; [10,] 0.01103009 0.01116940 0.01102003 0.00000000
#&gt; 
#&gt; $logpY
#&gt; [1] -1.127522 -1.048169 -1.048115
#&gt; 
#&gt; $maxIter
#&gt; [1] 3
#&gt; 
#&gt; $norm.cst
#&gt; [1] 2.580532e-10
#&gt; 
#&gt; $timeEM
#&gt; Time difference of 0.04218149 secs
#&gt; </div></pre>
  </div>
  <div class="col-md-3 hidden-xs hidden-sm" id="pkgdown-sidebar">
    <nav id="toc" data-toggle="toc" class="sticky-top">
      <h2 data-toc-skip>Contents</h2>
    </nav>
  </div>
</div>


      <footer>
      <div class="copyright">
  <p>Developed by Raphaëlle Momal.</p>
</div>

<div class="pkgdown">
  <p>Site built with <a href="https://pkgdown.r-lib.org/">pkgdown</a> 1.5.1.</p>
</div>

      </footer>
   </div>

  


  </body>
</html>


