<!-- Generated by pkgdown: do not edit by hand -->
<!DOCTYPE html>
<html lang="en">
  <head>
  <meta charset="utf-8">
<meta http-equiv="X-UA-Compatible" content="IE=edge">
<meta name="viewport" content="width=device-width, initial-scale=1.0">

<title>Computes edges probability — EMtree • EMtree</title>


<!-- jquery -->
<script src="https://cdnjs.cloudflare.com/ajax/libs/jquery/3.4.1/jquery.min.js" integrity="sha256-CSXorXvZcTkaix6Yvo6HppcZGetbYMGWSFlBw8HfCJo=" crossorigin="anonymous"></script>
<!-- Bootstrap -->

<link rel="stylesheet" href="https://cdnjs.cloudflare.com/ajax/libs/twitter-bootstrap/3.4.1/css/bootstrap.min.css" integrity="sha256-bZLfwXAP04zRMK2BjiO8iu9pf4FbLqX6zitd+tIvLhE=" crossorigin="anonymous" />

<script src="https://cdnjs.cloudflare.com/ajax/libs/twitter-bootstrap/3.4.1/js/bootstrap.min.js" integrity="sha256-nuL8/2cJ5NDSSwnKD8VqreErSWHtnEP9E7AySL+1ev4=" crossorigin="anonymous"></script>

<!-- bootstrap-toc -->
<link rel="stylesheet" href="../bootstrap-toc.css">
<script src="../bootstrap-toc.js"></script>

<!-- Font Awesome icons -->
<link rel="stylesheet" href="https://cdnjs.cloudflare.com/ajax/libs/font-awesome/5.12.1/css/all.min.css" integrity="sha256-mmgLkCYLUQbXn0B1SRqzHar6dCnv9oZFPEC1g1cwlkk=" crossorigin="anonymous" />
<link rel="stylesheet" href="https://cdnjs.cloudflare.com/ajax/libs/font-awesome/5.12.1/css/v4-shims.min.css" integrity="sha256-wZjR52fzng1pJHwx4aV2AO3yyTOXrcDW7jBpJtTwVxw=" crossorigin="anonymous" />

<!-- clipboard.js -->
<script src="https://cdnjs.cloudflare.com/ajax/libs/clipboard.js/2.0.6/clipboard.min.js" integrity="sha256-inc5kl9MA1hkeYUt+EC3BhlIgyp/2jDIyBLS6k3UxPI=" crossorigin="anonymous"></script>

<!-- headroom.js -->
<script src="https://cdnjs.cloudflare.com/ajax/libs/headroom/0.11.0/headroom.min.js" integrity="sha256-AsUX4SJE1+yuDu5+mAVzJbuYNPHj/WroHuZ8Ir/CkE0=" crossorigin="anonymous"></script>
<script src="https://cdnjs.cloudflare.com/ajax/libs/headroom/0.11.0/jQuery.headroom.min.js" integrity="sha256-ZX/yNShbjqsohH1k95liqY9Gd8uOiE1S4vZc+9KQ1K4=" crossorigin="anonymous"></script>

<!-- pkgdown -->
<link href="../pkgdown.css" rel="stylesheet">
<script src="../pkgdown.js"></script>




<meta property="og:title" content="Computes edges probability — EMtree" />
<meta property="og:description" content="Computes edges probability" />




<!-- mathjax -->
<script src="https://cdnjs.cloudflare.com/ajax/libs/mathjax/2.7.5/MathJax.js" integrity="sha256-nvJJv9wWKEm88qvoQl9ekL2J+k/RWIsaSScxxlsrv8k=" crossorigin="anonymous"></script>
<script src="https://cdnjs.cloudflare.com/ajax/libs/mathjax/2.7.5/config/TeX-AMS-MML_HTMLorMML.js" integrity="sha256-84DKXVJXs0/F8OTMzX4UR909+jtl4G7SPypPavF+GfA=" crossorigin="anonymous"></script>

<!--[if lt IE 9]>
<script src="https://oss.maxcdn.com/html5shiv/3.7.3/html5shiv.min.js"></script>
<script src="https://oss.maxcdn.com/respond/1.4.2/respond.min.js"></script>
<![endif]-->



  </head>

  <body data-spy="scroll" data-target="#toc">
    <div class="container template-reference-topic">
      <header>
      <div class="navbar navbar-inverse navbar-fixed-top" role="navigation">
  <div class="container">
    <div class="navbar-header">
      <button type="button" class="navbar-toggle collapsed" data-toggle="collapse" data-target="#navbar" aria-expanded="false">
        <span class="sr-only">Toggle navigation</span>
        <span class="icon-bar"></span>
        <span class="icon-bar"></span>
        <span class="icon-bar"></span>
      </button>
      <span class="navbar-brand">
        <a class="navbar-link" href="../index.html">EMtree</a>
        <span class="version label label-default" data-toggle="tooltip" data-placement="bottom" title="Released version">0.9.0</span>
      </span>
    </div>

    <div id="navbar" class="navbar-collapse collapse">
      <ul class="nav navbar-nav">
        <li>
  <a>
    <span class="fa fa-home"></span>
     
  </a>
</li>
<li>
  <a href="../index.html">Home</a>
</li>
<li>
  <a href="../reference/index.html">Reference</a>
</li>
<li class="dropdown">
  <a href="#" class="dropdown-toggle" data-toggle="dropdown" role="button" aria-expanded="false">
    Vignettes
     
    <span class="caret"></span>
  </a>
  <ul class="dropdown-menu" role="menu">
    <li>
      <a href="../articles/Fatala_Net.html">Fatala fishes</a>
    </li>
  </ul>
</li>
      </ul>
      <ul class="nav navbar-nav navbar-right">
        <li>
  <a href="https://github.com/Rmomal/EMtree">
    <span class="fa fa-github"></span>
     
  </a>
</li>
      </ul>
      
    </div><!--/.nav-collapse -->
  </div><!--/.container -->
</div><!--/.navbar -->

      

      </header>

<div class="row">
  <div class="col-md-9 contents">
    <div class="page-header">
    <h1>Computes edges probability</h1>
    
    <div class="hidden name"><code>EMtree.Rd</code></div>
    </div>

    <div class="ref-description">
    <p>Computes edges probability</p>
    </div>

    <pre class="usage"><span class='fu'>EMtree</span>(
  <span class='kw'>PLN.Cor</span>,
  n = <span class='kw'>NULL</span>,
  maxIter = <span class='fl'>30</span>,
  cond.tol = <span class='fl'>1e-10</span>,
  verbatim = <span class='fl'>TRUE</span>,
  plot = <span class='fl'>FALSE</span>
)</pre>

    <h2 class="hasAnchor" id="arguments"><a class="anchor" href="#arguments"></a>Arguments</h2>
    <table class="ref-arguments">
    <colgroup><col class="name" /><col class="desc" /></colgroup>
    <tr>
      <th>PLN.Cor</th>
      <td><p>Either an object resulting from the use of the `PLN` function from package `PLNmodels`, or an estimation of Gaussian data correlation matrix.</p></td>
    </tr>
    <tr>
      <th>n</th>
      <td><p>Number of samples, required if a correlation matrix is supplied</p></td>
    </tr>
    <tr>
      <th>maxIter</th>
      <td><p>Maximum number of iterations for EMtree</p></td>
    </tr>
    <tr>
      <th>cond.tol</th>
      <td><p>Tolerence parameter for the conditionement of psi matrix</p></td>
    </tr>
    <tr>
      <th>verbatim</th>
      <td><p>Talks if set to TRUE</p></td>
    </tr>
    <tr>
      <th>plot</th>
      <td><p>Plots likelihood if set to TRUE</p></td>
    </tr>
    </table>

    <h2 class="hasAnchor" id="value"><a class="anchor" href="#value"></a>Value</h2>

    
<ul>
<li><p>edges_prob: p x p matrix of edges probabilities</p></li>
<li><p>edges_weight: p x p matrix of edges weights for any spanning tree</p></li>
<li><p>logpY: vector of log-likelihoods</p></li>
<li><p>maxIter: final number of iterations EMtree has ran</p></li>
<li><p>timeEM: EMtree computation time</p></li>
<li><p>alpha: data signal/noise ratio</p></li>
</ul>


    <h2 class="hasAnchor" id="examples"><a class="anchor" href="#examples"></a>Examples</h2>
    <pre class="examples"><div class='input'><span class='kw'>n</span><span class='op'>=</span><span class='fl'>30</span>
<span class='kw'>p</span><span class='op'>=</span><span class='fl'>10</span>
<span class='kw'>Y</span><span class='op'>=</span><span class='fu'><a href='data_from_scratch.html'>data_from_scratch</a></span>(<span class='st'>"tree"</span>,p=<span class='kw'>p</span>)<span class='op'>$</span><span class='kw'>data</span>
<span class='kw'>PLN_Y</span> <span class='op'>=</span> <span class='kw'>PLNmodels</span>::<span class='fu'><a href='https://rdrr.io/pkg/PLNmodels/man/PLN.html'>PLN</a></span>(<span class='kw'>Y</span><span class='op'>~</span><span class='fl'>1</span>)
</div><div class='output co'>#&gt; 
#&gt;  Initialization...
#&gt;  Adjusting a PLN model with full covariance model
#&gt;  Post-treatments...
#&gt;  DONE!</div><div class='input'><span class='fu'>EMtree</span>(PLN.Cor=<span class='kw'>PLN_Y</span>,verbatim=<span class='fl'>TRUE</span>, plot=<span class='fl'>TRUE</span>)
</div><div class='output co'>#&gt; 
#&gt; Likelihoods: 65.58363 , 65.62152 , 65.62154 , </div><div class='img'><img src='EMtree-1.png' alt='' width='700' height='433' /></div><div class='output co'>#&gt; 
#&gt; Convergence took 0.08 secs  and  3  iterations.</div><div class='output co'>#&gt; $edges_prob
#&gt;               [,1]         [,2]         [,3]         [,4]         [,5]
#&gt;  [1,] 0.000000e+00 7.993107e-01 5.000230e-03 2.907453e-07 3.153347e-07
#&gt;  [2,] 7.993107e-01 0.000000e+00 1.559644e-02 1.258586e-04 3.760567e-06
#&gt;  [3,] 5.000230e-03 1.559644e-02 0.000000e+00 4.104162e-05 1.165874e-03
#&gt;  [4,] 2.907453e-07 1.258586e-04 4.104162e-05 0.000000e+00 2.399750e-02
#&gt;  [5,] 3.153347e-07 3.760567e-06 1.165874e-03 2.399750e-02 0.000000e+00
#&gt;  [6,] 2.509971e-04 9.143185e-01 1.856604e-05 2.653697e-02 4.928110e-06
#&gt;  [7,] 5.701783e-05 1.325329e-01 9.999315e-01 9.995509e-01 9.695011e-01
#&gt;  [8,] 3.425440e-04 8.628019e-02 2.629215e-05 2.342318e-02 9.368720e-03
#&gt;  [9,] 1.982671e-01 9.999884e-01 6.572450e-02 1.884179e-05 1.471714e-06
#&gt; [10,] 3.157708e-07 1.570221e-04 1.131674e-06 4.670382e-01 2.584881e-06
#&gt;               [,6]         [,7]         [,8]         [,9]        [,10]
#&gt;  [1,] 2.509971e-04 5.701783e-05 3.425440e-04 1.982671e-01 3.157708e-07
#&gt;  [2,] 9.143185e-01 1.325329e-01 8.628019e-02 9.999884e-01 1.570221e-04
#&gt;  [3,] 1.856604e-05 9.999315e-01 2.629215e-05 6.572450e-02 1.131674e-06
#&gt;  [4,] 2.653697e-02 9.995509e-01 2.342318e-02 1.884179e-05 4.670382e-01
#&gt;  [5,] 4.928110e-06 9.695011e-01 9.368720e-03 1.471714e-06 2.584881e-06
#&gt;  [6,] 0.000000e+00 1.716048e-02 9.986538e-01 1.901551e-04 8.719450e-01
#&gt;  [7,] 1.716048e-02 0.000000e+00 2.497133e-01 6.342137e-03 6.235017e-04
#&gt;  [8,] 9.986538e-01 2.497133e-01 0.000000e+00 6.393825e-05 1.167094e-01
#&gt;  [9,] 1.901551e-04 6.342137e-03 6.393825e-05 0.000000e+00 1.221224e-05
#&gt; [10,] 8.719450e-01 6.235017e-04 1.167094e-01 1.221224e-05 0.000000e+00
#&gt; 
#&gt; $edges_weight
#&gt;             [,1]       [,2]       [,3]       [,4]       [,5]       [,6]
#&gt;  [1,] 0.00000000 0.01144126 0.01100059 0.01099827 0.01099772 0.01099975
#&gt;  [2,] 0.01144126 0.00000000 0.01100845 0.01100036 0.01099974 0.01150951
#&gt;  [3,] 0.01100059 0.01100845 0.00000000 0.01099840 0.01099848 0.01099971
#&gt;  [4,] 0.01099827 0.01100036 0.01099840 0.00000000 0.01101198 0.01101484
#&gt;  [5,] 0.01099772 0.01099974 0.01099848 0.01101198 0.00000000 0.01099962
#&gt;  [6,] 0.01099975 0.01150951 0.01099971 0.01101484 0.01099962 0.00000000
#&gt;  [7,] 0.01100021 0.01107529 0.01155878 0.01155906 0.01154048 0.01101157
#&gt;  [8,] 0.01099842 0.01104917 0.01099833 0.01101174 0.01100351 0.01155786
#&gt;  [9,] 0.01110916 0.01155854 0.01103439 0.01099857 0.01099800 0.01100001
#&gt; [10,] 0.01099818 0.01100029 0.01099827 0.01125422 0.01099819 0.01148324
#&gt;             [,7]       [,8]       [,9]      [,10]
#&gt;  [1,] 0.01100021 0.01099842 0.01110916 0.01099818
#&gt;  [2,] 0.01107529 0.01104917 0.01155854 0.01100029
#&gt;  [3,] 0.01155878 0.01099833 0.01103439 0.01099827
#&gt;  [4,] 0.01155906 0.01101174 0.01099857 0.01125422
#&gt;  [5,] 0.01154048 0.01100351 0.01099800 0.01099819
#&gt;  [6,] 0.01101157 0.01155786 0.01100001 0.01148324
#&gt;  [7,] 0.00000000 0.01113798 0.01100397 0.01100099
#&gt;  [8,] 0.01113798 0.00000000 0.01099855 0.01106459
#&gt;  [9,] 0.01100397 0.01099855 0.00000000 0.01099847
#&gt; [10,] 0.01100099 0.01106459 0.01099847 0.00000000
#&gt; 
#&gt; $logpY
#&gt; [1] 65.58363 65.62152 65.62154
#&gt; 
#&gt; $maxIter
#&gt; [1] 3
#&gt; 
#&gt; $norm.cst
#&gt; [1] 2.579575e-10
#&gt; 
#&gt; $timeEM
#&gt; Time difference of 0.0752995 secs
#&gt; </div></pre>
  </div>
  <div class="col-md-3 hidden-xs hidden-sm" id="pkgdown-sidebar">
    <nav id="toc" data-toggle="toc" class="sticky-top">
      <h2 data-toc-skip>Contents</h2>
    </nav>
  </div>
</div>


      <footer>
      <div class="copyright">
  <p>Developed by Raphaëlle Momal.</p>
</div>

<div class="pkgdown">
  <p>Site built with <a href="https://pkgdown.r-lib.org/">pkgdown</a> 1.6.1.</p>
</div>

      </footer>
   </div>

  


  </body>
</html>


