<!-- Generated by pkgdown: do not edit by hand -->
<!DOCTYPE html>
<html lang="en">
  <head>
  <meta charset="utf-8">
<meta http-equiv="X-UA-Compatible" content="IE=edge">
<meta name="viewport" content="width=device-width, initial-scale=1.0">

<title>Computes edges probability — EMtree • EMtree</title>


<!-- jquery -->
<script src="https://cdnjs.cloudflare.com/ajax/libs/jquery/3.4.1/jquery.min.js" integrity="sha256-CSXorXvZcTkaix6Yvo6HppcZGetbYMGWSFlBw8HfCJo=" crossorigin="anonymous"></script>
<!-- Bootstrap -->

<link rel="stylesheet" href="https://cdnjs.cloudflare.com/ajax/libs/twitter-bootstrap/3.4.1/css/bootstrap.min.css" integrity="sha256-bZLfwXAP04zRMK2BjiO8iu9pf4FbLqX6zitd+tIvLhE=" crossorigin="anonymous" />

<script src="https://cdnjs.cloudflare.com/ajax/libs/twitter-bootstrap/3.4.1/js/bootstrap.min.js" integrity="sha256-nuL8/2cJ5NDSSwnKD8VqreErSWHtnEP9E7AySL+1ev4=" crossorigin="anonymous"></script>

<!-- bootstrap-toc -->
<link rel="stylesheet" href="../bootstrap-toc.css">
<script src="../bootstrap-toc.js"></script>

<!-- Font Awesome icons -->
<link rel="stylesheet" href="https://cdnjs.cloudflare.com/ajax/libs/font-awesome/5.12.1/css/all.min.css" integrity="sha256-mmgLkCYLUQbXn0B1SRqzHar6dCnv9oZFPEC1g1cwlkk=" crossorigin="anonymous" />
<link rel="stylesheet" href="https://cdnjs.cloudflare.com/ajax/libs/font-awesome/5.12.1/css/v4-shims.min.css" integrity="sha256-wZjR52fzng1pJHwx4aV2AO3yyTOXrcDW7jBpJtTwVxw=" crossorigin="anonymous" />

<!-- clipboard.js -->
<script src="https://cdnjs.cloudflare.com/ajax/libs/clipboard.js/2.0.6/clipboard.min.js" integrity="sha256-inc5kl9MA1hkeYUt+EC3BhlIgyp/2jDIyBLS6k3UxPI=" crossorigin="anonymous"></script>

<!-- headroom.js -->
<script src="https://cdnjs.cloudflare.com/ajax/libs/headroom/0.11.0/headroom.min.js" integrity="sha256-AsUX4SJE1+yuDu5+mAVzJbuYNPHj/WroHuZ8Ir/CkE0=" crossorigin="anonymous"></script>
<script src="https://cdnjs.cloudflare.com/ajax/libs/headroom/0.11.0/jQuery.headroom.min.js" integrity="sha256-ZX/yNShbjqsohH1k95liqY9Gd8uOiE1S4vZc+9KQ1K4=" crossorigin="anonymous"></script>

<!-- pkgdown -->
<link href="../pkgdown.css" rel="stylesheet">
<script src="../pkgdown.js"></script>




<meta property="og:title" content="Computes edges probability — EMtree" />
<meta property="og:description" content="Computes edges probability" />




<!-- mathjax -->
<script src="https://cdnjs.cloudflare.com/ajax/libs/mathjax/2.7.5/MathJax.js" integrity="sha256-nvJJv9wWKEm88qvoQl9ekL2J+k/RWIsaSScxxlsrv8k=" crossorigin="anonymous"></script>
<script src="https://cdnjs.cloudflare.com/ajax/libs/mathjax/2.7.5/config/TeX-AMS-MML_HTMLorMML.js" integrity="sha256-84DKXVJXs0/F8OTMzX4UR909+jtl4G7SPypPavF+GfA=" crossorigin="anonymous"></script>

<!--[if lt IE 9]>
<script src="https://oss.maxcdn.com/html5shiv/3.7.3/html5shiv.min.js"></script>
<script src="https://oss.maxcdn.com/respond/1.4.2/respond.min.js"></script>
<![endif]-->



  </head>

  <body data-spy="scroll" data-target="#toc">
    <div class="container template-reference-topic">
      <header>
      <div class="navbar navbar-default navbar-fixed-top" role="navigation">
  <div class="container">
    <div class="navbar-header">
      <button type="button" class="navbar-toggle collapsed" data-toggle="collapse" data-target="#navbar" aria-expanded="false">
        <span class="sr-only">Toggle navigation</span>
        <span class="icon-bar"></span>
        <span class="icon-bar"></span>
        <span class="icon-bar"></span>
      </button>
      <span class="navbar-brand">
        <a class="navbar-link" href="../index.html">EMtree</a>
        <span class="version label label-default" data-toggle="tooltip" data-placement="bottom" title="Released version">0.1.0</span>
      </span>
    </div>

    <div id="navbar" class="navbar-collapse collapse">
      <ul class="nav navbar-nav">
        <li>
  <a href="../index.html">
    <span class="fas fa fas fa-home fa-lg"></span>
     
  </a>
</li>
<li>
  <a href="../reference/index.html">Reference</a>
</li>
      </ul>
      <ul class="nav navbar-nav navbar-right">
        
      </ul>
      
    </div><!--/.nav-collapse -->
  </div><!--/.container -->
</div><!--/.navbar -->

      

      </header>

<div class="row">
  <div class="col-md-9 contents">
    <div class="page-header">
    <h1>Computes edges probability</h1>
    
    <div class="hidden name"><code>EMtree.Rd</code></div>
    </div>

    <div class="ref-description">
    <p>Computes edges probability</p>
    </div>

    <pre class="usage"><span class='fu'>EMtree</span>(<span class='no'>PLN.Cor</span>, <span class='kw'>maxIter</span> <span class='kw'>=</span> <span class='fl'>30</span>, <span class='kw'>cond.tol</span> <span class='kw'>=</span> <span class='fl'>1e-10</span>, <span class='kw'>verbatim</span> <span class='kw'>=</span> <span class='fl'>TRUE</span>,
  <span class='kw'>plot</span> <span class='kw'>=</span> <span class='fl'>FALSE</span>)</pre>

    <h2 class="hasAnchor" id="arguments"><a class="anchor" href="#arguments"></a>Arguments</h2>
    <table class="ref-arguments">
    <colgroup><col class="name" /><col class="desc" /></colgroup>
    <tr>
      <th>PLN.Cor</th>
      <td><p>Either an object resulting from the use of the `PLN` function from package `PLNmodels`, or an estimation of Gaussian data correlation matrix.</p></td>
    </tr>
    <tr>
      <th>maxIter</th>
      <td><p>Maximum number of iterations for EMtree</p></td>
    </tr>
    <tr>
      <th>cond.tol</th>
      <td><p>Tolerence parameter for the conditionement of psi matrix</p></td>
    </tr>
    <tr>
      <th>verbatim</th>
      <td><p>Talks if set to TRUE</p></td>
    </tr>
    <tr>
      <th>plot</th>
      <td><p>Plots likelihood if set to TRUE</p></td>
    </tr>
    </table>

    <h2 class="hasAnchor" id="value"><a class="anchor" href="#value"></a>Value</h2>

    
<ul>
<li><p>edges_prob: p x p matrix of edges probabilities</p></li>
<li><p>edges_weight: p x p matrix of edges weights for any spanning tree</p></li>
<li><p>logpY: vector of log-likelihoods</p></li>
<li><p>maxIter: final number of iterations EMtree has ran</p></li>
<li><p>timeEM: EMtree computation time</p></li>
<li><p>alpha: data signal/noise ratio</p></li>
</ul>


    <h2 class="hasAnchor" id="examples"><a class="anchor" href="#examples"></a>Examples</h2>
    <pre class="examples"><div class='input'><span class='no'>n</span><span class='kw'>=</span><span class='fl'>30</span>
<span class='no'>p</span><span class='kw'>=</span><span class='fl'>10</span>
<span class='no'>Y</span><span class='kw'>=</span><span class='fu'><a href='data_from_scratch.html'>data_from_scratch</a></span>(<span class='st'>"tree"</span>,<span class='kw'>p</span><span class='kw'>=</span><span class='no'>p</span>)$<span class='no'>data</span>
<span class='no'>PLN_Y</span> <span class='kw'>=</span> <span class='kw pkg'>PLNmodels</span><span class='kw ns'>::</span><span class='fu'><a href='https://rdrr.io/pkg/PLNmodels/man/PLN.html'>PLN</a></span>(<span class='no'>Y</span>~<span class='fl'>1</span>)</div><div class='output co'>#&gt; 
#&gt;  Initialization...
#&gt;  Adjusting a PLN model with full covariance model
#&gt;  Post-treatments...
#&gt;  DONE!</div><div class='input'><span class='no'>CorY</span><span class='kw'>=</span><span class='fu'><a href='https://rdrr.io/r/stats/cor.html'>cov2cor</a></span>(<span class='no'>PLN_Y</span>$<span class='no'>model_par</span>$<span class='no'>Sigma</span>)
<span class='fu'>EMtree</span>(<span class='kw'>PLN.Cor</span><span class='kw'>=</span><span class='no'>PLN_Y</span>,<span class='kw'>verbatim</span><span class='kw'>=</span><span class='fl'>TRUE</span>, <span class='kw'>plot</span><span class='kw'>=</span><span class='fl'>TRUE</span>)</div><div class='output co'>#&gt; 
#&gt; Likelihoods: -6.460333 , -6.426246 , -6.426233 , </div><div class='img'><img src='EMtree-1.png' alt='' width='700' height='433' /></div><div class='output co'>#&gt; 
#&gt; Convergence took 0.05 secs  and  3  iterations.
#&gt; Likelihood difference = 1.357268e-05 
#&gt; Betas difference = 1.595053e-08</div><div class='output co'>#&gt; $edges_prob
#&gt;             [,1]       [,2]       [,3]       [,4]       [,5]       [,6]
#&gt;  [1,] 0.00000000 0.28362017 0.38287556 0.08419960 0.01384450 0.04364152
#&gt;  [2,] 0.28362017 0.00000000 0.42120369 0.21232680 0.03239730 0.10696318
#&gt;  [3,] 0.38287556 0.42120369 0.00000000 0.08055639 0.01647696 0.06333625
#&gt;  [4,] 0.08419960 0.21232680 0.08055639 0.00000000 0.12266281 0.20058989
#&gt;  [5,] 0.01384450 0.03239730 0.01647696 0.12266281 0.00000000 0.12189081
#&gt;  [6,] 0.04364152 0.10696318 0.06333625 0.20058989 0.12189081 0.00000000
#&gt;  [7,] 0.09073985 0.38733045 0.13473497 0.39689517 0.31009054 0.51159746
#&gt;  [8,] 0.06698830 0.19192878 0.08827620 0.44922011 0.44763183 0.40433349
#&gt;  [9,] 0.22097410 0.47663263 0.27182008 0.11461714 0.02662926 0.04515830
#&gt; [10,] 0.01080818 0.02342183 0.01186334 0.15138566 0.20229898 0.17012175
#&gt;             [,7]      [,8]       [,9]      [,10]
#&gt;  [1,] 0.09073985 0.0669883 0.22097410 0.01080818
#&gt;  [2,] 0.38733045 0.1919288 0.47663263 0.02342183
#&gt;  [3,] 0.13473497 0.0882762 0.27182008 0.01186334
#&gt;  [4,] 0.39689517 0.4492201 0.11461714 0.15138566
#&gt;  [5,] 0.31009054 0.4476318 0.02662926 0.20229898
#&gt;  [6,] 0.51159746 0.4043335 0.04515830 0.17012175
#&gt;  [7,] 0.00000000 0.7514932 0.18507127 0.18586621
#&gt;  [8,] 0.75149320 0.0000000 0.12146080 0.34424403
#&gt;  [9,] 0.18507127 0.1214608 0.00000000 0.01978065
#&gt; [10,] 0.18586621 0.3442440 0.01978065 0.00000000
#&gt; 
#&gt; $edges_weight
#&gt;             [,1]       [,2]       [,3]       [,4]       [,5]       [,6]
#&gt;  [1,] 0.00000000 0.01114988 0.01119583 0.01105699 0.01102397 0.01103800
#&gt;  [2,] 0.01114988 0.00000000 0.01121394 0.01111709 0.01103291 0.01106793
#&gt;  [3,] 0.01119583 0.01121394 0.00000000 0.01105539 0.01102527 0.01104731
#&gt;  [4,] 0.01105699 0.01111709 0.01105539 0.00000000 0.01107516 0.01111182
#&gt;  [5,] 0.01102397 0.01103291 0.01102527 0.01107516 0.00000000 0.01107479
#&gt;  [6,] 0.01103800 0.01106793 0.01104731 0.01111182 0.01107479 0.00000000
#&gt;  [7,] 0.01106030 0.01119859 0.01108096 0.01120376 0.01116288 0.01125730
#&gt;  [8,] 0.01104919 0.01110789 0.01105925 0.01122804 0.01122659 0.01120745
#&gt;  [9,] 0.01112066 0.01123979 0.01114451 0.01107133 0.01103004 0.01103881
#&gt; [10,] 0.01102250 0.01102863 0.01102306 0.01108832 0.01111191 0.01109701
#&gt;             [,7]       [,8]       [,9]      [,10]
#&gt;  [1,] 0.01106030 0.01104919 0.01112066 0.01102250
#&gt;  [2,] 0.01119859 0.01110789 0.01123979 0.01102863
#&gt;  [3,] 0.01108096 0.01105925 0.01114451 0.01102306
#&gt;  [4,] 0.01120376 0.01122804 0.01107133 0.01108832
#&gt;  [5,] 0.01116288 0.01122659 0.01103004 0.01111191
#&gt;  [6,] 0.01125730 0.01120745 0.01103881 0.01109701
#&gt;  [7,] 0.00000000 0.01137124 0.01110445 0.01110463
#&gt;  [8,] 0.01137124 0.00000000 0.01107478 0.01117803
#&gt;  [9,] 0.01110445 0.01107478 0.00000000 0.01102677
#&gt; [10,] 0.01110463 0.01117803 0.01102677 0.00000000
#&gt; 
#&gt; $logpY
#&gt; [1] -6.460333 -6.426246 -6.426233
#&gt; 
#&gt; $maxIter
#&gt; [1] 3
#&gt; 
#&gt; $norm.cst
#&gt; [1] 2.581255e-10
#&gt; 
#&gt; $timeEM
#&gt; Time difference of 0.0458684 secs
#&gt; </div></pre>
  </div>
  <div class="col-md-3 hidden-xs hidden-sm" id="pkgdown-sidebar">
    <nav id="toc" data-toggle="toc" class="sticky-top">
      <h2 data-toc-skip>Contents</h2>
    </nav>
  </div>
</div>


      <footer>
      <div class="copyright">
  <p>Developed by Raphaëlle Momal.</p>
</div>

<div class="pkgdown">
  <p>Site built with <a href="https://pkgdown.r-lib.org/">pkgdown</a> 1.5.0.</p>
</div>

      </footer>
   </div>

  


  </body>
</html>


