<!-- Generated by pkgdown: do not edit by hand -->
<!DOCTYPE html>
<html lang="en">
  <head>
  <meta charset="utf-8">
<meta http-equiv="X-UA-Compatible" content="IE=edge">
<meta name="viewport" content="width=device-width, initial-scale=1.0">

<title>Computes edges probability — EMtree • EMtree</title>


<!-- jquery -->
<script src="https://cdnjs.cloudflare.com/ajax/libs/jquery/3.4.1/jquery.min.js" integrity="sha256-CSXorXvZcTkaix6Yvo6HppcZGetbYMGWSFlBw8HfCJo=" crossorigin="anonymous"></script>
<!-- Bootstrap -->

<link rel="stylesheet" href="https://cdnjs.cloudflare.com/ajax/libs/twitter-bootstrap/3.4.1/css/bootstrap.min.css" integrity="sha256-bZLfwXAP04zRMK2BjiO8iu9pf4FbLqX6zitd+tIvLhE=" crossorigin="anonymous" />

<script src="https://cdnjs.cloudflare.com/ajax/libs/twitter-bootstrap/3.4.1/js/bootstrap.min.js" integrity="sha256-nuL8/2cJ5NDSSwnKD8VqreErSWHtnEP9E7AySL+1ev4=" crossorigin="anonymous"></script>

<!-- bootstrap-toc -->
<link rel="stylesheet" href="../bootstrap-toc.css">
<script src="../bootstrap-toc.js"></script>

<!-- Font Awesome icons -->
<link rel="stylesheet" href="https://cdnjs.cloudflare.com/ajax/libs/font-awesome/5.12.1/css/all.min.css" integrity="sha256-mmgLkCYLUQbXn0B1SRqzHar6dCnv9oZFPEC1g1cwlkk=" crossorigin="anonymous" />
<link rel="stylesheet" href="https://cdnjs.cloudflare.com/ajax/libs/font-awesome/5.12.1/css/v4-shims.min.css" integrity="sha256-wZjR52fzng1pJHwx4aV2AO3yyTOXrcDW7jBpJtTwVxw=" crossorigin="anonymous" />

<!-- clipboard.js -->
<script src="https://cdnjs.cloudflare.com/ajax/libs/clipboard.js/2.0.6/clipboard.min.js" integrity="sha256-inc5kl9MA1hkeYUt+EC3BhlIgyp/2jDIyBLS6k3UxPI=" crossorigin="anonymous"></script>

<!-- headroom.js -->
<script src="https://cdnjs.cloudflare.com/ajax/libs/headroom/0.11.0/headroom.min.js" integrity="sha256-AsUX4SJE1+yuDu5+mAVzJbuYNPHj/WroHuZ8Ir/CkE0=" crossorigin="anonymous"></script>
<script src="https://cdnjs.cloudflare.com/ajax/libs/headroom/0.11.0/jQuery.headroom.min.js" integrity="sha256-ZX/yNShbjqsohH1k95liqY9Gd8uOiE1S4vZc+9KQ1K4=" crossorigin="anonymous"></script>

<!-- pkgdown -->
<link href="../pkgdown.css" rel="stylesheet">
<script src="../pkgdown.js"></script>




<meta property="og:title" content="Computes edges probability — EMtree" />
<meta property="og:description" content="Computes edges probability" />




<!-- mathjax -->
<script src="https://cdnjs.cloudflare.com/ajax/libs/mathjax/2.7.5/MathJax.js" integrity="sha256-nvJJv9wWKEm88qvoQl9ekL2J+k/RWIsaSScxxlsrv8k=" crossorigin="anonymous"></script>
<script src="https://cdnjs.cloudflare.com/ajax/libs/mathjax/2.7.5/config/TeX-AMS-MML_HTMLorMML.js" integrity="sha256-84DKXVJXs0/F8OTMzX4UR909+jtl4G7SPypPavF+GfA=" crossorigin="anonymous"></script>

<!--[if lt IE 9]>
<script src="https://oss.maxcdn.com/html5shiv/3.7.3/html5shiv.min.js"></script>
<script src="https://oss.maxcdn.com/respond/1.4.2/respond.min.js"></script>
<![endif]-->



  </head>

  <body data-spy="scroll" data-target="#toc">
    <div class="container template-reference-topic">
      <header>
      <div class="navbar navbar-inverse navbar-fixed-top" role="navigation">
  <div class="container">
    <div class="navbar-header">
      <button type="button" class="navbar-toggle collapsed" data-toggle="collapse" data-target="#navbar" aria-expanded="false">
        <span class="sr-only">Toggle navigation</span>
        <span class="icon-bar"></span>
        <span class="icon-bar"></span>
        <span class="icon-bar"></span>
      </button>
      <span class="navbar-brand">
        <a class="navbar-link" href="../index.html">EMtree</a>
        <span class="version label label-default" data-toggle="tooltip" data-placement="bottom" title="Released version">0.1.0</span>
      </span>
    </div>

    <div id="navbar" class="navbar-collapse collapse">
      <ul class="nav navbar-nav">
        <li>
  <a>
    <span class="fa fa-home"></span>
     
  </a>
</li>
<li>
  <a href="../index.html">Home</a>
</li>
<li>
  <a href="../reference/index.html">Reference</a>
</li>
<li class="dropdown">
  <a href="#" class="dropdown-toggle" data-toggle="dropdown" role="button" aria-expanded="false">
    Vignettes
     
    <span class="caret"></span>
  </a>
  <ul class="dropdown-menu" role="menu">
    <li>
      <a href="../articles/Fatala_Net.html">Fatala fishes</a>
    </li>
  </ul>
</li>
      </ul>
      <ul class="nav navbar-nav navbar-right">
        <li>
  <a href="https://github.com/Rmomal/EMtree">
    <span class="fa fa-github"></span>
     
  </a>
</li>
      </ul>
      
    </div><!--/.nav-collapse -->
  </div><!--/.container -->
</div><!--/.navbar -->

      

      </header>

<div class="row">
  <div class="col-md-9 contents">
    <div class="page-header">
    <h1>Computes edges probability</h1>
    
    <div class="hidden name"><code>EMtree.Rd</code></div>
    </div>

    <div class="ref-description">
    <p>Computes edges probability</p>
    </div>

    <pre class="usage"><span class='fu'>EMtree</span>(<span class='kw'>PLN.Cor</span>, maxIter = <span class='fl'>30</span>, cond.tol = <span class='fl'>1e-10</span>, verbatim = <span class='fl'>TRUE</span>,
  plot = <span class='fl'>FALSE</span>)</pre>

    <h2 class="hasAnchor" id="arguments"><a class="anchor" href="#arguments"></a>Arguments</h2>
    <table class="ref-arguments">
    <colgroup><col class="name" /><col class="desc" /></colgroup>
    <tr>
      <th>PLN.Cor</th>
      <td><p>Either an object resulting from the use of the `PLN` function from package `PLNmodels`, or an estimation of Gaussian data correlation matrix.</p></td>
    </tr>
    <tr>
      <th>maxIter</th>
      <td><p>Maximum number of iterations for EMtree</p></td>
    </tr>
    <tr>
      <th>cond.tol</th>
      <td><p>Tolerence parameter for the conditionement of psi matrix</p></td>
    </tr>
    <tr>
      <th>verbatim</th>
      <td><p>Talks if set to TRUE</p></td>
    </tr>
    <tr>
      <th>plot</th>
      <td><p>Plots likelihood if set to TRUE</p></td>
    </tr>
    </table>

    <h2 class="hasAnchor" id="value"><a class="anchor" href="#value"></a>Value</h2>

    
<ul>
<li><p>edges_prob: p x p matrix of edges probabilities</p></li>
<li><p>edges_weight: p x p matrix of edges weights for any spanning tree</p></li>
<li><p>logpY: vector of log-likelihoods</p></li>
<li><p>maxIter: final number of iterations EMtree has ran</p></li>
<li><p>timeEM: EMtree computation time</p></li>
<li><p>alpha: data signal/noise ratio</p></li>
</ul>


    <h2 class="hasAnchor" id="examples"><a class="anchor" href="#examples"></a>Examples</h2>
    <pre class="examples"><div class='input'><span class='kw'>n</span><span class='op'>=</span><span class='fl'>30</span>
<span class='kw'>p</span><span class='op'>=</span><span class='fl'>10</span>
<span class='kw'>Y</span><span class='op'>=</span><span class='fu'><a href='data_from_scratch.html'>data_from_scratch</a></span>(<span class='st'>"tree"</span>,p=<span class='kw'>p</span>)<span class='op'>$</span><span class='kw'>data</span>
<span class='kw'>PLN_Y</span> <span class='op'>=</span> <span class='kw'>PLNmodels</span>::<span class='fu'><a href='https://rdrr.io/pkg/PLNmodels/man/PLN.html'>PLN</a></span>(<span class='kw'>Y</span><span class='op'>~</span><span class='fl'>1</span>)
</div><div class='output co'>#&gt; 
#&gt;  Initialization...
#&gt;  Adjusting a PLN model with full covariance model
#&gt;  Post-treatments...
#&gt;  DONE!</div><div class='input'><span class='kw'>CorY</span><span class='op'>=</span><span class='fu'><a href='https://rdrr.io/r/stats/cor.html'>cov2cor</a></span>(<span class='kw'>PLN_Y</span><span class='op'>$</span><span class='kw'>model_par</span><span class='op'>$</span><span class='kw'>Sigma</span>)
<span class='fu'>EMtree</span>(PLN.Cor=<span class='kw'>PLN_Y</span>,verbatim=<span class='fl'>TRUE</span>, plot=<span class='fl'>TRUE</span>)
</div><div class='output co'>#&gt; 
#&gt; Likelihoods: -1.126422 , -1.0471 , -1.047073 , </div><div class='img'><img src='EMtree-1.png' alt='' width='700' height='433' /></div><div class='output co'>#&gt; 
#&gt; Convergence took 0.09 secs  and  3  iterations.</div><div class='output co'>#&gt; $edges_prob
#&gt;             [,1]       [,2]       [,3]       [,4]       [,5]       [,6]
#&gt;  [1,] 0.00000000 0.46155597 0.13856860 0.01068387 0.01532783 0.06261061
#&gt;  [2,] 0.46155597 0.00000000 0.10258324 0.02831167 0.02140129 0.53304650
#&gt;  [3,] 0.13856860 0.10258324 0.00000000 0.08099596 0.10285892 0.01751626
#&gt;  [4,] 0.01068387 0.02831167 0.08099596 0.00000000 0.22310540 0.11128659
#&gt;  [5,] 0.01532783 0.02140129 0.10285892 0.22310540 0.00000000 0.02260008
#&gt;  [6,] 0.06261061 0.53304650 0.01751626 0.11128659 0.02260008 0.00000000
#&gt;  [7,] 0.03961469 0.15075709 0.84580528 0.77827153 0.53796308 0.08636137
#&gt;  [8,] 0.06930056 0.31732462 0.01935254 0.10849113 0.16696079 0.81718942
#&gt;  [9,] 0.33048268 0.89791448 0.16052796 0.01855013 0.01726715 0.07476390
#&gt; [10,] 0.01410857 0.06351660 0.01159496 0.31354514 0.02221113 0.49921189
#&gt;             [,7]       [,8]       [,9]      [,10]
#&gt;  [1,] 0.03961469 0.06930056 0.33048268 0.01410857
#&gt;  [2,] 0.15075709 0.31732462 0.89791448 0.06351660
#&gt;  [3,] 0.84580528 0.01935254 0.16052796 0.01159496
#&gt;  [4,] 0.77827153 0.10849113 0.01855013 0.31354514
#&gt;  [5,] 0.53796308 0.16696079 0.01726715 0.02221113
#&gt;  [6,] 0.08636137 0.81718942 0.07476390 0.49921189
#&gt;  [7,] 0.00000000 0.17653592 0.07351831 0.05225378
#&gt;  [8,] 0.17653592 0.00000000 0.06029068 0.30793415
#&gt;  [9,] 0.07351831 0.06029068 0.00000000 0.03592769
#&gt; [10,] 0.05225378 0.30793415 0.03592769 0.00000000
#&gt; 
#&gt; $edges_weight
#&gt;             [,1]       [,2]       [,3]       [,4]       [,5]       [,6]
#&gt;  [1,] 0.00000000 0.01125325 0.01107605 0.01100599 0.01100799 0.01103521
#&gt;  [2,] 0.01125325 0.00000000 0.01105783 0.01101719 0.01101281 0.01129416
#&gt;  [3,] 0.01107605 0.01105783 0.00000000 0.01104577 0.01105675 0.01101070
#&gt;  [4,] 0.01100599 0.01101719 0.01104577 0.00000000 0.01112292 0.01106245
#&gt;  [5,] 0.01100799 0.01101281 0.01105675 0.01112292 0.00000000 0.01101312
#&gt;  [6,] 0.01103521 0.01129416 0.01101070 0.01106245 0.01101312 0.00000000
#&gt;  [7,] 0.01102300 0.01108528 0.01146828 0.01143006 0.01129499 0.01104976
#&gt;  [8,] 0.01103870 0.01117663 0.01101153 0.01106072 0.01109218 0.01145263
#&gt;  [9,] 0.01118137 0.01149856 0.01108875 0.01101090 0.01100961 0.01104279
#&gt; [10,] 0.01100752 0.01103629 0.01100650 0.01117195 0.01101197 0.01127405
#&gt;             [,7]       [,8]       [,9]      [,10]
#&gt;  [1,] 0.01102300 0.01103870 0.01118137 0.01100752
#&gt;  [2,] 0.01108528 0.01117663 0.01149856 0.01103629
#&gt;  [3,] 0.01146828 0.01101153 0.01108875 0.01100650
#&gt;  [4,] 0.01143006 0.01106072 0.01101090 0.01117195
#&gt;  [5,] 0.01129499 0.01109218 0.01100961 0.01101197
#&gt;  [6,] 0.01104976 0.01145263 0.01104279 0.01127405
#&gt;  [7,] 0.00000000 0.01109886 0.01104218 0.01103016
#&gt;  [8,] 0.01109886 0.00000000 0.01103454 0.01116996
#&gt;  [9,] 0.01104218 0.01103454 0.00000000 0.01102017
#&gt; [10,] 0.01103016 0.01116996 0.01102017 0.00000000
#&gt; 
#&gt; $logpY
#&gt; [1] -1.126422 -1.047100 -1.047073
#&gt; 
#&gt; $maxIter
#&gt; [1] 3
#&gt; 
#&gt; $norm.cst
#&gt; [1] 2.580537e-10
#&gt; 
#&gt; $timeEM
#&gt; Time difference of 0.08619595 secs
#&gt; </div></pre>
  </div>
  <div class="col-md-3 hidden-xs hidden-sm" id="pkgdown-sidebar">
    <nav id="toc" data-toggle="toc" class="sticky-top">
      <h2 data-toc-skip>Contents</h2>
    </nav>
  </div>
</div>


      <footer>
      <div class="copyright">
  <p>Developed by Raphaëlle Momal.</p>
</div>

<div class="pkgdown">
  <p>Site built with <a href="https://pkgdown.r-lib.org/">pkgdown</a> 1.6.1.</p>
</div>

      </footer>
   </div>

  


  </body>
</html>


