<!-- Generated by pkgdown: do not edit by hand -->
<!DOCTYPE html>
<html lang="en">
  <head>
  <meta charset="utf-8">
<meta http-equiv="X-UA-Compatible" content="IE=edge">
<meta name="viewport" content="width=device-width, initial-scale=1.0">

<title>Core computing function — EMtree • EMtree</title>


<!-- jquery -->
<script src="https://cdnjs.cloudflare.com/ajax/libs/jquery/3.4.1/jquery.min.js" integrity="sha256-CSXorXvZcTkaix6Yvo6HppcZGetbYMGWSFlBw8HfCJo=" crossorigin="anonymous"></script>
<!-- Bootstrap -->

<link rel="stylesheet" href="https://cdnjs.cloudflare.com/ajax/libs/twitter-bootstrap/3.4.1/css/bootstrap.min.css" integrity="sha256-bZLfwXAP04zRMK2BjiO8iu9pf4FbLqX6zitd+tIvLhE=" crossorigin="anonymous" />

<script src="https://cdnjs.cloudflare.com/ajax/libs/twitter-bootstrap/3.4.1/js/bootstrap.min.js" integrity="sha256-nuL8/2cJ5NDSSwnKD8VqreErSWHtnEP9E7AySL+1ev4=" crossorigin="anonymous"></script>

<!-- bootstrap-toc -->
<link rel="stylesheet" href="../bootstrap-toc.css">
<script src="../bootstrap-toc.js"></script>

<!-- Font Awesome icons -->
<link rel="stylesheet" href="https://cdnjs.cloudflare.com/ajax/libs/font-awesome/5.12.1/css/all.min.css" integrity="sha256-mmgLkCYLUQbXn0B1SRqzHar6dCnv9oZFPEC1g1cwlkk=" crossorigin="anonymous" />
<link rel="stylesheet" href="https://cdnjs.cloudflare.com/ajax/libs/font-awesome/5.12.1/css/v4-shims.min.css" integrity="sha256-wZjR52fzng1pJHwx4aV2AO3yyTOXrcDW7jBpJtTwVxw=" crossorigin="anonymous" />

<!-- clipboard.js -->
<script src="https://cdnjs.cloudflare.com/ajax/libs/clipboard.js/2.0.6/clipboard.min.js" integrity="sha256-inc5kl9MA1hkeYUt+EC3BhlIgyp/2jDIyBLS6k3UxPI=" crossorigin="anonymous"></script>

<!-- headroom.js -->
<script src="https://cdnjs.cloudflare.com/ajax/libs/headroom/0.11.0/headroom.min.js" integrity="sha256-AsUX4SJE1+yuDu5+mAVzJbuYNPHj/WroHuZ8Ir/CkE0=" crossorigin="anonymous"></script>
<script src="https://cdnjs.cloudflare.com/ajax/libs/headroom/0.11.0/jQuery.headroom.min.js" integrity="sha256-ZX/yNShbjqsohH1k95liqY9Gd8uOiE1S4vZc+9KQ1K4=" crossorigin="anonymous"></script>

<!-- pkgdown -->
<link href="../pkgdown.css" rel="stylesheet">
<script src="../pkgdown.js"></script>




<meta property="og:title" content="Core computing function — EMtree" />
<meta property="og:description" content="Core computing function" />




<!-- mathjax -->
<script src="https://cdnjs.cloudflare.com/ajax/libs/mathjax/2.7.5/MathJax.js" integrity="sha256-nvJJv9wWKEm88qvoQl9ekL2J+k/RWIsaSScxxlsrv8k=" crossorigin="anonymous"></script>
<script src="https://cdnjs.cloudflare.com/ajax/libs/mathjax/2.7.5/config/TeX-AMS-MML_HTMLorMML.js" integrity="sha256-84DKXVJXs0/F8OTMzX4UR909+jtl4G7SPypPavF+GfA=" crossorigin="anonymous"></script>

<!--[if lt IE 9]>
<script src="https://oss.maxcdn.com/html5shiv/3.7.3/html5shiv.min.js"></script>
<script src="https://oss.maxcdn.com/respond/1.4.2/respond.min.js"></script>
<![endif]-->



  </head>

  <body data-spy="scroll" data-target="#toc">
    <div class="container template-reference-topic">
      <header>
      <div class="navbar navbar-inverse navbar-fixed-top" role="navigation">
  <div class="container">
    <div class="navbar-header">
      <button type="button" class="navbar-toggle collapsed" data-toggle="collapse" data-target="#navbar" aria-expanded="false">
        <span class="sr-only">Toggle navigation</span>
        <span class="icon-bar"></span>
        <span class="icon-bar"></span>
        <span class="icon-bar"></span>
      </button>
      <span class="navbar-brand">
        <a class="navbar-link" href="../index.html">EMtree</a>
        <span class="version label label-default" data-toggle="tooltip" data-placement="bottom" title="Released version">1.0.0</span>
      </span>
    </div>

    <div id="navbar" class="navbar-collapse collapse">
      <ul class="nav navbar-nav">
        <li>
  <a>
    <span class="fa fa-home"></span>
     
  </a>
</li>
<li>
  <a href="../index.html">Home</a>
</li>
<li>
  <a href="../reference/index.html">Reference</a>
</li>
<li class="dropdown">
  <a href="#" class="dropdown-toggle" data-toggle="dropdown" role="button" aria-expanded="false">
    Vignettes
     
    <span class="caret"></span>
  </a>
  <ul class="dropdown-menu" role="menu">
    <li>
      <a href="../articles/Fatala_Net.html">Fatala fishes</a>
    </li>
  </ul>
</li>
      </ul>
      <ul class="nav navbar-nav navbar-right">
        <li>
  <a href="https://github.com/Rmomal/EMtree">
    <span class="fa fa-github"></span>
     
  </a>
</li>
      </ul>
      
    </div><!--/.nav-collapse -->
  </div><!--/.container -->
</div><!--/.navbar -->

      

      </header>

<div class="row">
  <div class="col-md-9 contents">
    <div class="page-header">
    <h1>Core computing function</h1>
    
    <div class="hidden name"><code>EMtree.Rd</code></div>
    </div>

    <div class="ref-description">
    <p>Core computing function</p>
    </div>

    <pre class="usage"><span class='fu'>EMtree</span><span class='op'>(</span>
  <span class='va'>PLN.Cor</span>,
  n <span class='op'>=</span> <span class='cn'>NULL</span>,
  maxIter <span class='op'>=</span> <span class='fl'>30</span>,
  unlinked <span class='op'>=</span> <span class='cn'>NULL</span>,
  random.init <span class='op'>=</span> <span class='cn'>FALSE</span>,
  cond.tol <span class='op'>=</span> <span class='fl'>1e-10</span>,
  eps <span class='op'>=</span> <span class='fl'>0.001</span>,
  verbatim <span class='op'>=</span> <span class='cn'>TRUE</span>,
  plot <span class='op'>=</span> <span class='cn'>FALSE</span>
<span class='op'>)</span></pre>

    <h2 class="hasAnchor" id="arguments"><a class="anchor" href="#arguments"></a>Arguments</h2>
    <table class="ref-arguments">
    <colgroup><col class="name" /><col class="desc" /></colgroup>
    <tr>
      <th>PLN.Cor</th>
      <td><p>Either an object resulting from the use of the `PLN` function from package `PLNmodels`, or an estimation of Gaussian data correlation matrix.</p></td>
    </tr>
    <tr>
      <th>n</th>
      <td><p>Number of samples, required if a correlation matrix is supplied</p></td>
    </tr>
    <tr>
      <th>maxIter</th>
      <td><p>Maximum number of iterations for EMtree</p></td>
    </tr>
    <tr>
      <th>unlinked</th>
      <td><p>An optional vector of nodes which are not linked with each other</p></td>
    </tr>
    <tr>
      <th>random.init</th>
      <td><p>A boolean for trying a random initialization of the EM</p></td>
    </tr>
    <tr>
      <th>cond.tol</th>
      <td><p>Tolerance parameter for the conditioning of psi matrix</p></td>
    </tr>
    <tr>
      <th>eps</th>
      <td><p>Precision parameter controlling the convergence of weights beta</p></td>
    </tr>
    <tr>
      <th>verbatim</th>
      <td><p>Talks if set to TRUE</p></td>
    </tr>
    <tr>
      <th>plot</th>
      <td><p>Plots likelihood if set to TRUE</p></td>
    </tr>
    </table>

    <h2 class="hasAnchor" id="value"><a class="anchor" href="#value"></a>Value</h2>

    
<ul>
<li><p>edges_prob: p x p matrix of edges probabilities</p></li>
<li><p>edges_weight: p x p matrix of edges weights for any spanning tree</p></li>
<li><p>logpY: vector of log-likelihoods</p></li>
<li><p>maxIter: final number of iterations EMtree has ran</p></li>
<li><p>timeEM: EMtree computation time</p></li>
<li><p>alpha: data signal/noise ratio</p></li>
</ul>


    <h2 class="hasAnchor" id="examples"><a class="anchor" href="#examples"></a>Examples</h2>
    <pre class="examples"><div class='input'><span class='va'>n</span><span class='op'>=</span><span class='fl'>30</span>
<span class='va'>p</span><span class='op'>=</span><span class='fl'>10</span>
<span class='va'>Y</span><span class='op'>=</span><span class='fu'><a href='data_from_scratch.html'>data_from_scratch</a></span><span class='op'>(</span><span class='st'>"tree"</span>,p<span class='op'>=</span><span class='va'>p</span><span class='op'>)</span><span class='op'>$</span><span class='va'>data</span>
<span class='va'>PLN_Y</span> <span class='op'>=</span> <span class='fu'>PLNmodels</span><span class='fu'>::</span><span class='fu'><a href='https://jchiquet.github.io/PLNmodels/reference/PLN.html'>PLN</a></span><span class='op'>(</span><span class='va'>Y</span><span class='op'>~</span><span class='fl'>1</span><span class='op'>)</span>
</div><div class='output co'>#&gt; 
#&gt;  Initialization...
#&gt;  Adjusting a PLN model with full covariance model
#&gt;  Post-treatments...
#&gt;  DONE!</div><div class='input'><span class='fu'>EMtree</span><span class='op'>(</span>PLN.Cor<span class='op'>=</span><span class='va'>PLN_Y</span>,verbatim<span class='op'>=</span><span class='cn'>TRUE</span>, plot<span class='op'>=</span><span class='cn'>TRUE</span><span class='op'>)</span>
</div><div class='img'><img src='EMtree-1.png' alt='' width='700' height='433' /></div><div class='output co'>#&gt; 
#&gt; Convergence took 0.1 secs  and  9  iterations.</div><div class='output co'>#&gt; $edges_prob
#&gt;               [,1]         [,2]         [,3]         [,4]         [,5]
#&gt;  [1,] 0.000000e+00 6.704612e-10 9.999867e-01 1.466126e-10 3.587415e-11
#&gt;  [2,] 6.704612e-10 0.000000e+00 1.000000e+00 5.324387e-10 2.167630e-13
#&gt;  [3,] 9.999867e-01 1.000000e+00 0.000000e+00 2.608852e-06 8.831025e-10
#&gt;  [4,] 1.466126e-10 5.324387e-10 2.608852e-06 0.000000e+00 2.271114e-10
#&gt;  [5,] 3.587415e-11 2.167630e-13 8.831025e-10 2.271114e-10 0.000000e+00
#&gt;  [6,] 1.847421e-11 2.391535e-09 1.290271e-05 8.848008e-03 1.395623e-10
#&gt;  [7,] 2.499455e-06 4.770049e-10 2.977208e-03 9.992458e-01 1.000000e+00
#&gt;  [8,] 6.419435e-08 3.354702e-09 1.000000e+00 3.205436e-07 1.387858e-10
#&gt;  [9,] 1.247091e-05 2.995792e-09 9.999999e-01 4.794002e-10 3.312346e-07
#&gt; [10,] 1.626539e-10 4.235325e-10 1.223461e-05 9.997778e-01 1.947069e-10
#&gt;               [,6]         [,7]         [,8]         [,9]        [,10]
#&gt;  [1,] 1.847421e-11 2.499455e-06 6.419435e-08 1.247091e-05 1.626539e-10
#&gt;  [2,] 2.391535e-09 4.770049e-10 3.354702e-09 2.995792e-09 4.235325e-10
#&gt;  [3,] 1.290271e-05 2.977208e-03 1.000000e+00 9.999999e-01 1.223461e-05
#&gt;  [4,] 8.848008e-03 9.992458e-01 3.205436e-07 4.794002e-10 9.997778e-01
#&gt;  [5,] 1.395623e-10 1.000000e+00 1.387858e-10 3.312346e-07 1.947069e-10
#&gt;  [6,] 0.000000e+00 2.059556e-03 6.398497e-08 6.436580e-11 9.896660e-01
#&gt;  [7,] 2.059556e-03 0.000000e+00 8.654440e-08 8.781633e-06 4.018092e-04
#&gt;  [8,] 6.398497e-08 8.654440e-08 0.000000e+00 1.000531e-08 9.969848e-01
#&gt;  [9,] 6.436580e-11 8.781633e-06 1.000531e-08 0.000000e+00 3.067561e-10
#&gt; [10,] 9.896660e-01 4.018092e-04 9.969848e-01 3.067561e-10 0.000000e+00
#&gt; 
#&gt; $norm.cst
#&gt; [1] 0.0001845045
#&gt; 
#&gt; $timeEM
#&gt; Time difference of 0.09658194 secs
#&gt; 
#&gt; $edges_weight
#&gt;               [,1]         [,2]         [,3]         [,4]         [,5]
#&gt;  [1,] 0.000000e+00 4.457394e-06 6.507374e-02 2.021403e-06 1.102815e-06
#&gt;  [2,] 4.457394e-06 0.000000e+00 2.208613e-01 2.197603e-06 1.165857e-06
#&gt;  [3,] 6.507374e-02 2.208613e-01 0.000000e+00 1.945355e-05 2.213082e-06
#&gt;  [4,] 2.021403e-06 2.197603e-06 1.945355e-05 0.000000e+00 6.970386e-06
#&gt;  [5,] 1.102815e-06 1.165857e-06 2.213082e-06 6.970386e-06 0.000000e+00
#&gt;  [6,] 1.160539e-06 1.282507e-06 3.805390e-05 9.138621e-03 2.443792e-06
#&gt;  [7,] 1.534553e-05 2.057742e-06 7.106670e-04 1.480939e+00 2.270639e-01
#&gt;  [8,] 8.778089e-06 9.450661e-06 7.073823e-01 8.119896e-06 2.028588e-06
#&gt;  [9,] 6.704691e-05 5.467761e-06 2.778620e-01 2.262476e-06 4.575977e-06
#&gt; [10,] 2.192314e-06 2.391233e-06 3.640196e-05 2.743593e+00 5.560383e-06
#&gt;               [,6]         [,7]         [,8]         [,9]        [,10]
#&gt;  [1,] 1.160539e-06 1.534553e-05 8.778089e-06 6.704691e-05 2.192314e-06
#&gt;  [2,] 1.282507e-06 2.057742e-06 9.450661e-06 5.467761e-06 2.391233e-06
#&gt;  [3,] 3.805390e-05 7.106670e-04 7.073823e-01 2.778620e-01 3.640196e-05
#&gt;  [4,] 9.138621e-03 1.480939e+00 8.119896e-06 2.262476e-06 2.743593e+00
#&gt;  [5,] 2.443792e-06 2.270639e-01 2.028588e-06 4.575977e-06 5.560383e-06
#&gt;  [6,] 0.000000e+00 2.700182e-03 3.258679e-06 1.261069e-06 6.349105e-01
#&gt;  [7,] 2.700182e-03 0.000000e+00 5.154694e-06 3.305730e-05 3.630525e-03
#&gt;  [8,] 3.258679e-06 5.154694e-06 0.000000e+00 1.051796e-05 1.070142e-01
#&gt;  [9,] 1.261069e-06 3.305730e-05 1.051796e-05 0.000000e+00 2.462242e-06
#&gt; [10,] 6.349105e-01 3.630525e-03 1.070142e-01 2.462242e-06 0.000000e+00
#&gt; 
#&gt; $logpY
#&gt; [1] 78.12352 80.67833 81.52038 81.99879 82.28432 82.45059 82.56402 82.63695
#&gt; [9] 82.63695
#&gt; 
#&gt; $maxIter
#&gt; [1] 9
#&gt; </div></pre>
  </div>
  <div class="col-md-3 hidden-xs hidden-sm" id="pkgdown-sidebar">
    <nav id="toc" data-toggle="toc" class="sticky-top">
      <h2 data-toc-skip>Contents</h2>
    </nav>
  </div>
</div>


      <footer>
      <div class="copyright">
  <p>Developed by Raphaëlle Momal.</p>
</div>

<div class="pkgdown">
  <p>Site built with <a href="https://pkgdown.r-lib.org/">pkgdown</a> 1.6.1.</p>
</div>

      </footer>
   </div>

  


  </body>
</html>


