<!-- Generated by pkgdown: do not edit by hand -->
<!DOCTYPE html>
<html lang="en">
  <head>
  <meta charset="utf-8">
<meta http-equiv="X-UA-Compatible" content="IE=edge">
<meta name="viewport" content="width=device-width, initial-scale=1.0">

<title>Computes edges probability — EMtree • EMtree</title>


<!-- jquery -->
<script src="https://cdnjs.cloudflare.com/ajax/libs/jquery/3.3.1/jquery.min.js" integrity="sha256-FgpCb/KJQlLNfOu91ta32o/NMZxltwRo8QtmkMRdAu8=" crossorigin="anonymous"></script>
<!-- Bootstrap -->

<link rel="stylesheet" href="https://cdnjs.cloudflare.com/ajax/libs/twitter-bootstrap/3.3.7/css/bootstrap.min.css" integrity="sha256-916EbMg70RQy9LHiGkXzG8hSg9EdNy97GazNG/aiY1w=" crossorigin="anonymous" />

<script src="https://cdnjs.cloudflare.com/ajax/libs/twitter-bootstrap/3.3.7/js/bootstrap.min.js" integrity="sha256-U5ZEeKfGNOja007MMD3YBI0A3OSZOQbeG6z2f2Y0hu8=" crossorigin="anonymous"></script>

<!-- Font Awesome icons -->
<link rel="stylesheet" href="https://cdnjs.cloudflare.com/ajax/libs/font-awesome/5.7.1/css/all.min.css" integrity="sha256-nAmazAk6vS34Xqo0BSrTb+abbtFlgsFK7NKSi6o7Y78=" crossorigin="anonymous" />
<link rel="stylesheet" href="https://cdnjs.cloudflare.com/ajax/libs/font-awesome/5.7.1/css/v4-shims.min.css" integrity="sha256-6qHlizsOWFskGlwVOKuns+D1nB6ssZrHQrNj1wGplHc=" crossorigin="anonymous" />

<!-- clipboard.js -->
<script src="https://cdnjs.cloudflare.com/ajax/libs/clipboard.js/2.0.4/clipboard.min.js" integrity="sha256-FiZwavyI2V6+EXO1U+xzLG3IKldpiTFf3153ea9zikQ=" crossorigin="anonymous"></script>

<!-- headroom.js -->
<script src="https://cdnjs.cloudflare.com/ajax/libs/headroom/0.9.4/headroom.min.js" integrity="sha256-DJFC1kqIhelURkuza0AvYal5RxMtpzLjFhsnVIeuk+U=" crossorigin="anonymous"></script>
<script src="https://cdnjs.cloudflare.com/ajax/libs/headroom/0.9.4/jQuery.headroom.min.js" integrity="sha256-ZX/yNShbjqsohH1k95liqY9Gd8uOiE1S4vZc+9KQ1K4=" crossorigin="anonymous"></script>

<!-- pkgdown -->
<link href="../pkgdown.css" rel="stylesheet">
<script src="../pkgdown.js"></script>




<meta property="og:title" content="Computes edges probability — EMtree" />
<meta property="og:description" content="Computes edges probability" />
<meta name="twitter:card" content="summary" />




<!-- mathjax -->
<script src="https://cdnjs.cloudflare.com/ajax/libs/mathjax/2.7.5/MathJax.js" integrity="sha256-nvJJv9wWKEm88qvoQl9ekL2J+k/RWIsaSScxxlsrv8k=" crossorigin="anonymous"></script>
<script src="https://cdnjs.cloudflare.com/ajax/libs/mathjax/2.7.5/config/TeX-AMS-MML_HTMLorMML.js" integrity="sha256-84DKXVJXs0/F8OTMzX4UR909+jtl4G7SPypPavF+GfA=" crossorigin="anonymous"></script>

<!--[if lt IE 9]>
<script src="https://oss.maxcdn.com/html5shiv/3.7.3/html5shiv.min.js"></script>
<script src="https://oss.maxcdn.com/respond/1.4.2/respond.min.js"></script>
<![endif]-->



  </head>

  <body>
    <div class="container template-reference-topic">
      <header>
      <div class="navbar navbar-inverse navbar-fixed-top" role="navigation">
  <div class="container">
    <div class="navbar-header">
      <button type="button" class="navbar-toggle collapsed" data-toggle="collapse" data-target="#navbar" aria-expanded="false">
        <span class="sr-only">Toggle navigation</span>
        <span class="icon-bar"></span>
        <span class="icon-bar"></span>
        <span class="icon-bar"></span>
      </button>
      <span class="navbar-brand">
        <a class="navbar-link" href="../index.html">EMtree</a>
        <span class="version label label-default" data-toggle="tooltip" data-placement="bottom" title="Released version">0.1.0</span>
      </span>
    </div>

    <div id="navbar" class="navbar-collapse collapse">
      <ul class="nav navbar-nav">
        <li>
  <a>
    <span class="fa fa-home"></span>
     
  </a>
</li>
<li>
  <a href="../index.html">Home</a>
</li>
<li>
  <a href="../reference/index.html">Reference</a>
</li>
<li class="dropdown">
  <a href="#" class="dropdown-toggle" data-toggle="dropdown" role="button" aria-expanded="false">
    Vignettes
     
    <span class="caret"></span>
  </a>
  <ul class="dropdown-menu" role="menu">
    <li>
      <a href="../articles/Fatala_Net.html">Fatala fishes</a>
    </li>
  </ul>
</li>
      </ul>
      <ul class="nav navbar-nav navbar-right">
        <li>
  <a href="https://github.com/Rmomal/EMtree">
    <span class="fa fa-github"></span>
     
  </a>
</li>
      </ul>
      
    </div><!--/.nav-collapse -->
  </div><!--/.container -->
</div><!--/.navbar -->

      

      </header>

<div class="row">
  <div class="col-md-9 contents">
    <div class="page-header">
    <h1>Computes edges probability</h1>
    
    <div class="hidden name"><code>EMtree.Rd</code></div>
    </div>

    <div class="ref-description">
    <p>Computes edges probability</p>
    </div>

    <pre class="usage"><span class='fu'>EMtree</span>(<span class='no'>PLN.Cor</span>, <span class='kw'>maxIter</span> <span class='kw'>=</span> <span class='fl'>30</span>, <span class='kw'>cond.tol</span> <span class='kw'>=</span> <span class='fl'>1e-10</span>, <span class='kw'>verbatim</span> <span class='kw'>=</span> <span class='fl'>TRUE</span>,
  <span class='kw'>plot</span> <span class='kw'>=</span> <span class='fl'>FALSE</span>)</pre>

    <h2 class="hasAnchor" id="arguments"><a class="anchor" href="#arguments"></a>Arguments</h2>
    <table class="ref-arguments">
    <colgroup><col class="name" /><col class="desc" /></colgroup>
    <tr>
      <th>PLN.Cor</th>
      <td><p>Either an object resulting from the use of the `PLN` function from package `PLNmodels`, or an estimation of Gaussian data correlation matrix.</p></td>
    </tr>
    <tr>
      <th>maxIter</th>
      <td><p>Maximum number of iterations for EMtree</p></td>
    </tr>
    <tr>
      <th>cond.tol</th>
      <td><p>Tolerence parameter for the conditionement of psi matrix</p></td>
    </tr>
    <tr>
      <th>verbatim</th>
      <td><p>Talks if set to TRUE</p></td>
    </tr>
    <tr>
      <th>plot</th>
      <td><p>Plots likelihood if set to TRUE</p></td>
    </tr>
    </table>

    <h2 class="hasAnchor" id="value"><a class="anchor" href="#value"></a>Value</h2>

    
<ul>
<li><p>edges_prob: p x p matrix of edges probabilities</p></li>
<li><p>edges_weight: p x p matrix of edges weights for any spanning tree</p></li>
<li><p>logpY: vector of log-likelihoods</p></li>
<li><p>maxIter: final number of iterations EMtree has ran</p></li>
<li><p>timeEM: EMtree computation time</p></li>
<li><p>alpha: data signal/noise ratio</p></li>
</ul>


    <h2 class="hasAnchor" id="examples"><a class="anchor" href="#examples"></a>Examples</h2>
    <pre class="examples"><div class='input'><span class='no'>n</span><span class='kw'>=</span><span class='fl'>30</span>
<span class='no'>p</span><span class='kw'>=</span><span class='fl'>10</span>
<span class='no'>Y</span><span class='kw'>=</span><span class='fu'><a href='data_from_scratch.html'>data_from_scratch</a></span>(<span class='st'>"tree"</span>,<span class='kw'>p</span><span class='kw'>=</span><span class='no'>p</span>)$<span class='no'>data</span>
<span class='no'>PLN_Y</span> <span class='kw'>=</span> <span class='kw pkg'>PLNmodels</span><span class='kw ns'>::</span><span class='fu'><a href='https://rdrr.io/pkg/PLNmodels/man/PLN.html'>PLN</a></span>(<span class='no'>Y</span>~<span class='fl'>1</span>)</div><div class='output co'>#&gt; 
#&gt;  Initialization...
#&gt;  Adjusting a PLN model with full covariance model
#&gt;  Post-treatments...
#&gt;  DONE!</div><div class='input'><span class='no'>CorY</span><span class='kw'>=</span><span class='fu'><a href='https://rdrr.io/r/stats/cor.html'>cov2cor</a></span>(<span class='no'>PLN_Y</span>$<span class='no'>model_par</span>$<span class='no'>Sigma</span>)
<span class='fu'>EMtree</span>(<span class='kw'>PLN.Cor</span><span class='kw'>=</span><span class='no'>PLN_Y</span>,<span class='kw'>verbatim</span><span class='kw'>=</span><span class='fl'>TRUE</span>, <span class='kw'>plot</span><span class='kw'>=</span><span class='fl'>TRUE</span>)</div><div class='output co'>#&gt; 
#&gt; Likelihoods: -6.028488 , -5.954729 , -5.954684 , </div><div class='img'><img src='EMtree-1.png' alt='' width='700' height='433' /></div><div class='output co'>#&gt; 
#&gt; Convergence took 0.05 secs  and  3  iterations.
#&gt; Likelihood difference = 4.553927e-05 
#&gt; Betas difference = 8.930179e-08</div><div class='output co'>#&gt; $edges_prob
#&gt;             [,1]       [,2]       [,3]       [,4]       [,5]       [,6]
#&gt;  [1,] 0.00000000 0.78719300 0.03817438 0.10055271 0.10273390 0.20502277
#&gt;  [2,] 0.78719300 0.00000000 0.05004404 0.03052721 0.04143136 0.07626099
#&gt;  [3,] 0.03817438 0.05004404 0.00000000 0.14841518 0.02369734 0.04887485
#&gt;  [4,] 0.10055271 0.03052721 0.14841518 0.00000000 0.20283439 0.32612811
#&gt;  [5,] 0.10273390 0.04143136 0.02369734 0.20283439 0.00000000 0.81510551
#&gt;  [6,] 0.20502277 0.07626099 0.04887485 0.32612811 0.81510551 0.00000000
#&gt;  [7,] 0.05836311 0.05719733 0.29846228 0.02913747 0.03331462 0.12697478
#&gt;  [8,] 0.65690629 0.25122034 0.16983778 0.15648046 0.16028214 0.36523941
#&gt;  [9,] 0.21868903 0.21165795 0.53815876 0.35191233 0.01557057 0.02809236
#&gt; [10,] 0.03132264 0.02177219 0.17301532 0.74675494 0.08251735 0.18492118
#&gt;             [,7]       [,8]       [,9]      [,10]
#&gt;  [1,] 0.05836311 0.65690629 0.21868903 0.03132264
#&gt;  [2,] 0.05719733 0.25122034 0.21165795 0.02177219
#&gt;  [3,] 0.29846228 0.16983778 0.53815876 0.17301532
#&gt;  [4,] 0.02913747 0.15648046 0.35191233 0.74675494
#&gt;  [5,] 0.03331462 0.16028214 0.01557057 0.08251735
#&gt;  [6,] 0.12697478 0.36523941 0.02809236 0.18492118
#&gt;  [7,] 0.00000000 0.59912346 0.04057640 0.02502195
#&gt;  [8,] 0.59912346 0.00000000 0.19055917 0.05454007
#&gt;  [9,] 0.04057640 0.19055917 0.00000000 0.12538260
#&gt; [10,] 0.02502195 0.05454007 0.12538260 0.00000000
#&gt; 
#&gt; $edges_weight
#&gt;             [,1]       [,2]       [,3]       [,4]       [,5]       [,6]
#&gt;  [1,] 0.00000000 0.01143441 0.01102248 0.01105725 0.01105805 0.01111453
#&gt;  [2,] 0.01143441 0.00000000 0.01102833 0.01101821 0.01102366 0.01104349
#&gt;  [3,] 0.01102248 0.01102833 0.00000000 0.01108271 0.01101378 0.01102830
#&gt;  [4,] 0.01105725 0.01101821 0.01108271 0.00000000 0.01111263 0.01118007
#&gt;  [5,] 0.01105805 0.01102366 0.01101378 0.01111263 0.00000000 0.01144982
#&gt;  [6,] 0.01111453 0.01104349 0.01102830 0.01118007 0.01144982 0.00000000
#&gt;  [7,] 0.01103352 0.01103219 0.01116381 0.01101720 0.01101891 0.01107110
#&gt;  [8,] 0.01136250 0.01114074 0.01109493 0.01108817 0.01109003 0.01120190
#&gt;  [9,] 0.01112132 0.01111691 0.01129445 0.01119352 0.01100955 0.01101713
#&gt; [10,] 0.01101870 0.01101276 0.01109559 0.01141081 0.01104620 0.01110298
#&gt;             [,7]       [,8]       [,9]      [,10]
#&gt;  [1,] 0.01103352 0.01136250 0.01112132 0.01101870
#&gt;  [2,] 0.01103219 0.01114074 0.01111691 0.01101276
#&gt;  [3,] 0.01116381 0.01109493 0.01129445 0.01109559
#&gt;  [4,] 0.01101720 0.01108817 0.01119352 0.01141081
#&gt;  [5,] 0.01101891 0.01109003 0.01100955 0.01104620
#&gt;  [6,] 0.01107110 0.01120190 0.01101713 0.01110298
#&gt;  [7,] 0.00000000 0.01132864 0.01102313 0.01101429
#&gt;  [8,] 0.01132864 0.00000000 0.01110641 0.01103188
#&gt;  [9,] 0.01102313 0.01110641 0.00000000 0.01106986
#&gt; [10,] 0.01101429 0.01103188 0.01106986 0.00000000
#&gt; 
#&gt; $logpY
#&gt; [1] -6.028488 -5.954729 -5.954684
#&gt; 
#&gt; $maxIter
#&gt; [1] 3
#&gt; 
#&gt; $norm.cst
#&gt; [1] 2.58084e-10
#&gt; 
#&gt; $timeEM
#&gt; Time difference of 0.051543 secs
#&gt; </div></pre>
  </div>
  <div class="col-md-3 hidden-xs hidden-sm" id="sidebar">
    <h2>Contents</h2>
    <ul class="nav nav-pills nav-stacked">
      <li><a href="#arguments">Arguments</a></li>
      <li><a href="#value">Value</a></li>
      <li><a href="#examples">Examples</a></li>
    </ul>

  </div>
</div>


      <footer>
      <div class="copyright">
  <p>Developed by Raphaëlle Momal.</p>
</div>

<div class="pkgdown">
  <p>Site built with <a href="https://pkgdown.r-lib.org/">pkgdown</a> 1.4.1.</p>
</div>

      </footer>
   </div>

  


  </body>
</html>


